-21.900827,-30.178837,3.682672
-21.718282,-30.178837,6.707578
-21.692951,-30.178837,2.121865
-21.546963,-30.178837,7.461005
-21.513333,-30.178837,1.372930
-21.427007,-29.424058,4.478948
-21.400827,-29.424058,3.682672
-21.011691,-30.178837,-0.024666
-20.908886,-28.669279,5.141673
-20.900827,-28.669279,3.682672
-20.827080,-29.424058,8.184636
-20.750876,-30.178837,9.513959
-20.718282,-28.669279,6.707578
-20.694679,-30.178837,-0.659362
-20.560831,-29.424058,8.871241
-20.511691,-29.424058,-0.024666
-20.408886,-27.914500,5.141673
-20.337620,-30.178837,-1.242717
-20.194679,-29.424058,-0.659362
-20.013333,-27.914500,1.372930
-20.012641,-30.178837,10.642552
-20.011691,-28.669279,-0.024666
-19.944081,-30.178837,-1.768903
-19.908886,-27.159721,5.141673
-19.839326,-27.159721,5.931884
-19.837620,-29.424058,-1.242717
-19.718282,-27.159721,6.707578
-19.694679,-28.669279,-0.659362
-19.591737,-30.178837,11.117150
-19.517994,-30.178837,-2.232663
-19.513333,-27.159721,1.372930
-19.511691,-27.914500,-0.024666
-19.444081,-29.424058,-1.768903
-19.337620,-28.669279,-1.242717
-19.250876,-27.914500,9.513959
-19.218282,-26.404942,6.707578
-19.194679,-27.914500,-0.659362
-19.141806,-30.178837,11.525422
-19.063616,-30.178837,-2.629362
-19.046963,-26.404942,7.461005
-19.017994,-29.424058,-2.232663
-19.013333,-26.404942,1.372930
-19.011691,-27.159721,-0.024666
-18.944081,-28.669279,-1.768903
-18.900827,-25.650163,3.682672
-18.837620,-27.914500,-1.242717
-18.827080,-26.404942,8.184636
-18.822547,-25.650163,2.894352
-18.750876,-27.159721,9.513959
-18.718282,-25.650163,6.707578
-18.694679,-27.159721,-0.659362
-18.667343,-30.178837,11.863287
-18.591737,-28.669279,11.117150
-18.585488,-30.178837,-2.955038
-18.563616,-29.424058,-2.629362
-18.517994,-28.669279,-2.232663
-18.513333,-25.650163,1.372930
-18.511691,-26.404942,-0.024666
-18.444081,-27.914500,-1.768903
-18.337620,-27.159721,-1.242717
-18.327080,-25.650163,8.184636
-18.250876,-26.404942,9.513959
-18.218282,-24.895384,6.707578
-18.194679,-26.404942,-0.659362
-18.091737,-27.914500,11.117150
-18.088386,-30.178837,-3.206436
-18.085488,-29.424058,-2.955038
-18.063616,-28.669279,-2.629362
-18.046963,-24.895384,7.461005
-18.017994,-27.914500,-2.232663
-18.013333,-24.895384,1.372930
-18.011691,-25.650163,-0.024666
-17.944081,-27.159721,-1.768903
-17.837620,-26.404942,-1.242717
-17.827080,-24.895384,8.184636
-17.750876,-25.650163,9.513959
-17.718282,-24.140605,6.707578
-17.694679,-25.650163,-0.659362
-17.663982,-30.178837,12.315034
-17.591737,-27.159721,11.117150
-17.588386,-29.424058,-3.206436
-17.585488,-28.669279,-2.955038
-17.577278,-30.178837,-3.381044
-17.563616,-27.914500,-2.629362
-17.517994,-27.159721,-2.232663
-17.513333,-24.140605,1.372930
-17.511691,-24.895384,-0.024666
-17.444081,-26.404942,-1.768903
-17.337620,-25.650163,-1.242717
-17.327080,-24.140605,8.184636
-17.250876,-24.895384,9.513959
-17.218282,-23.385826,6.707578
-17.194679,-24.895384,-0.659362
-17.163982,-29.424058,12.315034
-17.145110,-30.178837,12.424402
-17.091737,-26.404942,11.117150
-17.088386,-28.669279,-3.206436
-17.085488,-27.914500,-2.955038
-17.077278,-29.424058,-3.381044
-17.063616,-27.159721,-2.629362
-17.057271,-30.178837,-3.477117
-17.046963,-23.385826,7.461005
-17.017994,-26.404942,-2.232663
-17.013333,-23.385826,1.372930
-17.011691,-24.140605,-0.024666
-16.944081,-25.650163,-1.768903
-16.837620,-24.895384,-1.242717
-16.827080,-23.385826,8.184636
-16.785487,-23.385826,0.655028
-16.750876,-24.140605,9.513959
-16.718282,-22.631048,6.707578
-16.694679,-24.140605,-0.659362
-16.692951,-22.631048,2.121865
-16.663982,-28.669279,12.315034
-16.645110,-29.424058,12.424402
-16.591737,-25.650163,11.117150
-16.588386,-27.914500,-3.206436
-16.585488,-27.159721,-2.955038
-16.577278,-28.669279,-3.381044
-16.563616,-26.404942,-2.629362
-16.560831,-23.385826,8.871241
-16.557271,-29.424058,-3.477117
-16.533560,-30.178837,-3.493696
-16.517994,-25.650163,-2.232663
-16.513333,-22.631048,1.372930
-16.511691,-23.385826,-0.024666
-16.444081,-24.895384,-1.768903
-16.427007,-21.876269,4.478948
-16.408886,-21.876269,5.141673
-16.400827,-21.876269,3.682672
-16.339326,-21.876269,5.931884
-16.337620,-24.140605,-1.242717
-16.327080,-22.631048,8.184636
-16.322547,-21.876269,2.894352
-16.285487,-22.631048,0.655028
-16.250876,-23.385826,9.513959
-16.218282,-21.876269,6.707578
-16.194679,-23.385826,-0.659362
-16.192951,-21.876269,2.121865
-16.163982,-27.914500,12.315034
-16.088386,-27.159721,-3.206436
-16.085488,-26.404942,-2.955038
-16.077278,-27.914500,-3.381044
-16.063616,-25.650163,-2.629362
-16.060831,-22.631048,8.871241
-16.057271,-28.669279,-3.477117
-16.033560,-29.424058,-3.493696
-16.017994,-24.895384,-2.232663
-16.013333,-21.876269,1.372930
-16.011691,-22.631048,-0.024666
-16.011377,-30.178837,-3.430615
-15.944081,-24.140605,-1.768903
-15.927007,-21.121490,4.478948
-15.908886,-21.121490,5.141673
-15.900827,-21.121490,3.682672
-15.839326,-21.121490,5.931884
-15.837620,-23.385826,-1.242717
-15.827080,-21.876269,8.184636
-15.822547,-21.121490,2.894352
-15.785487,-21.876269,0.655028
-15.750876,-22.631048,9.513959
-15.718282,-21.121490,6.707578
-15.694679,-22.631048,-0.659362
-15.692951,-21.121490,2.121865
-15.673089,-26.404942,12.127371
-15.588386,-26.404942,-3.206436
-15.585488,-25.650163,-2.955038
-15.577278,-27.159721,-3.381044
-15.563616,-24.895384,-2.629362
-15.560831,-21.876269,8.871241
-15.557271,-27.914500,-3.477117
-15.546963,-21.121490,7.461005
-15.533560,-28.669279,-3.493696
-15.517994,-24.140605,-2.232663
-15.513333,-21.121490,1.372930
-15.512641,-23.385826,10.642552
-15.511691,-21.876269,-0.024666
-15.511377,-29.424058,-3.430615
-15.495941,-30.178837,-3.288505
-15.444081,-23.385826,-1.768903
-15.427007,-20.366711,4.478948
-15.408886,-20.366711,5.141673
-15.400827,-20.366711,3.682672
-15.400311,-22.631048,10.106369
-15.339326,-20.366711,5.931884
-15.337620,-22.631048,-1.242717
-15.327080,-21.121490,8.184636
-15.322547,-20.366711,2.894352
-15.285487,-21.121490,0.655028
-15.250876,-21.876269,9.513959
-15.218282,-20.366711,6.707578
-15.194679,-21.876269,-0.659362
-15.192951,-20.366711,2.121865
-15.167343,-24.895384,11.863287
-15.141806,-24.140605,11.525422
-15.091737,-23.385826,11.117150
-15.088386,-25.650163,-3.206436
-15.085488,-24.895384,-2.955038
-15.077278,-26.404942,-3.381044
-15.063616,-24.140605,-2.629362
-15.060831,-21.121490,8.871241
-15.057271,-27.159721,-3.477117
-15.046963,-20.366711,7.461005
-15.033560,-27.914500,-3.493696
-15.017994,-23.385826,-2.232663
-15.013333,-20.366711,1.372930
-15.012641,-22.631048,10.642552
-15.011691,-21.121490,-0.024666
-15.011377,-28.669279,-3.430615
-14.995941,-29.424058,-3.288505
-14.992402,-30.178837,-3.068784
-14.944081,-22.631048,-1.768903
-14.927007,-19.611932,4.478948
-14.908886,-19.611932,5.141673
-14.900827,-19.611932,3.682672
-14.900311,-21.876269,10.106369
-14.839326,-19.611932,5.931884
-14.837620,-21.876269,-1.242717
-14.827080,-20.366711,8.184636
-14.822547,-19.611932,2.894352
-14.785487,-20.366711,0.655028
-14.750876,-21.121490,9.513959
-14.718282,-19.611932,6.707578
-14.694679,-21.121490,-0.659362
-14.692951,-19.611932,2.121865
-14.673089,-24.895384,12.127371
-14.667343,-24.140605,11.863287
-14.641806,-23.385826,11.525422
-14.591737,-22.631048,11.117150
-14.588386,-24.895384,-3.206436
-14.585488,-24.140605,-2.955038
-14.577278,-25.650163,-3.381044
-14.563616,-23.385826,-2.629362
-14.560831,-20.366711,8.871241
-14.557271,-26.404942,-3.477117
-14.546963,-19.611932,7.461005
-14.533560,-27.159721,-3.493696
-14.517994,-22.631048,-2.232663
-14.513333,-19.611932,1.372930
-14.512641,-21.876269,10.642552
-14.511691,-20.366711,-0.024666
-14.511377,-27.914500,-3.430615
-14.505790,-30.178837,-2.773649
-14.495941,-28.669279,-3.288505
-14.492402,-29.424058,-3.068784
-14.444081,-21.876269,-1.768903
-14.427007,-18.857153,4.478948
-14.408886,-18.857153,5.141673
-14.400827,-18.857153,3.682672
-14.400311,-21.121490,10.106369
-14.339326,-18.857153,5.931884
-14.337620,-21.121490,-1.242717
-14.327080,-19.611932,8.184636
-14.322547,-18.857153,2.894352
-14.285487,-19.611932,0.655028
-14.250876,-20.366711,9.513959
-14.218282,-18.857153,6.707578
-14.194679,-20.366711,-0.659362
-14.192951,-18.857153,2.121865
-14.173089,-24.140605,12.127371
-14.167343,-23.385826,11.863287
-14.141806,-22.631048,11.525422
-14.091737,-21.876269,11.117150
-14.088386,-24.140605,-3.206436
-14.085488,-23.385826,-2.955038
-14.077278,-24.895384,-3.381044
-14.063616,-22.631048,-2.629362
-14.060831,-19.611932,8.871241
-14.057271,-25.650163,-3.477117
-14.046963,-18.857153,7.461005
-14.040967,-30.178837,-2.406049
-14.033560,-26.404942,-3.493696
-14.017994,-21.876269,-2.232663
-14.013333,-18.857153,1.372930
-14.012641,-21.121490,10.642552
-14.011691,-19.611932,-0.024666
-14.011377,-27.159721,-3.430615
-14.005790,-29.424058,-2.773649
-13.995941,-27.914500,-3.288505
-13.992402,-28.669279,-3.068784
-13.944081,-21.121490,-1.768903
-13.927007,-18.102374,4.478948
-13.908886,-18.102374,5.141673
-13.900827,-18.102374,3.682672
-13.900311,-20.366711,10.106369
-13.839326,-18.102374,5.931884
-13.837620,-20.366711,-1.242717
-13.827080,-18.857153,8.184636
-13.822547,-18.102374,2.894352
-13.785487,-18.857153,0.655028
-13.750876,-19.611932,9.513959
-13.718282,-18.102374,6.707578
-13.694679,-19.611932,-0.659362
-13.692951,-18.102374,2.121865
-13.673089,-23.385826,12.127371
-13.667343,-22.631048,11.863287
-13.663982,-24.140605,12.315034
-13.645110,-24.895384,12.424402
-13.641806,-21.876269,11.525422
-13.602579,-30.178837,-1.969656
-13.591737,-21.121490,11.117150
-13.588386,-23.385826,-3.206436
-13.585488,-22.631048,-2.955038
-13.577278,-24.140605,-3.381044
-13.563616,-21.876269,-2.629362
-13.560831,-18.857153,8.871241
-13.557271,-24.895384,-3.477117
-13.546963,-18.102374,7.461005
-13.540967,-29.424058,-2.406049
-13.533560,-25.650163,-3.493696
-13.517994,-21.121490,-2.232663
-13.513333,-18.102374,1.372930
-13.512641,-20.366711,10.642552
-13.511691,-18.857153,-0.024666
-13.511377,-26.404942,-3.430615
-13.505790,-28.669279,-2.773649
-13.495941,-27.159721,-3.288505
-13.492402,-27.914500,-3.068784
-13.444081,-20.366711,-1.768903
-13.427007,-17.347595,4.478948
-13.408886,-17.347595,5.141673
-13.400827,-17.347595,3.682672
-13.400311,-19.611932,10.106369
-13.339326,-17.347595,5.931884
-13.337620,-19.611932,-1.242717
-13.327080,-18.102374,8.184636
-13.322547,-17.347595,2.894352
-13.285487,-18.102374,0.655028
-13.250876,-18.857153,9.513959
-13.218282,-17.347595,6.707578
-13.195005,-30.178837,-1.468831
-13.194679,-18.857153,-0.659362
-13.192951,-17.347595,2.121865
-13.173089,-22.631048,12.127371
-13.167343,-21.876269,11.863287
-13.163982,-23.385826,12.315034
-13.145110,-24.140605,12.424402
-13.141806,-21.121490,11.525422
-13.121656,-24.895384,12.454381
-13.102579,-29.424058,-1.969656
-13.091737,-20.366711,11.117150
-13.088386,-22.631048,-3.206436
-13.085488,-21.876269,-2.955038
-13.077278,-23.385826,-3.381044
-13.063616,-21.121490,-2.629362
-13.060831,-18.102374,8.871241
-13.057271,-24.140605,-3.477117
-13.046963,-17.347595,7.461005
-13.040967,-28.669279,-2.406049
-13.033560,-24.895384,-3.493696
-13.017994,-20.366711,-2.232663
-13.013333,-17.347595,1.372930
-13.012641,-19.611932,10.642552
-13.011691,-18.102374,-0.024666
-13.011377,-25.650163,-3.430615
-13.005790,-27.914500,-2.773649
-12.995941,-26.404942,-3.288505
-12.992402,-27.159721,-3.068784
-12.944081,-19.611932,-1.768903
-12.927007,-16.592816,4.478948
-12.908886,-16.592816,5.141673
-12.900827,-16.592816,3.682672
-12.900311,-18.857153,10.106369
-12.839326,-16.592816,5.931884
-12.837620,-18.857153,-1.242717
-12.827080,-17.347595,8.184636
-12.822547,-16.592816,2.894352
-12.822318,-30.178837,-0.908577
-12.785487,-17.347595,0.655028
-12.750876,-18.102374,9.513959
-12.718282,-16.592816,6.707578
-12.695005,-29.424058,-1.468831
-12.694679,-18.102374,-0.659362
-12.692951,-16.592816,2.121865
-12.673089,-21.876269,12.127371
-12.667343,-21.121490,11.863287
-12.663982,-22.631048,12.315034
-12.645110,-23.385826,12.424402
-12.641806,-20.366711,11.525422
-12.621656,-24.140605,12.454381
-12.602579,-28.669279,-1.969656
-12.598850,-24.895384,12.404672
-12.591737,-19.611932,11.117150
-12.588386,-21.876269,-3.206436
-12.585488,-21.121490,-2.955038
-12.577278,-22.631048,-3.381044
-12.563616,-20.366711,-2.629362
-12.560831,-17.347595,8.871241
-12.557271,-23.385826,-3.477117
-12.546963,-16.592816,7.461005
-12.540967,-27.914500,-2.406049
-12.533560,-24.140605,-3.493696
-12.517994,-19.611932,-2.232663
-12.513333,-16.592816,1.372930
-12.512641,-18.857153,10.642552
-12.511691,-17.347595,-0.024666
-12.511377,-24.895384,-3.430615
-12.505790,-27.159721,-2.773649
-12.495941,-25.650163,-3.288505
-12.492402,-26.404942,-3.068784
-12.488241,-30.178837,-0.294493
-12.444081,-18.857153,-1.768903
-12.400311,-18.102374,10.106369
-12.337620,-18.102374,-1.242717
-12.327080,-16.592816,8.184636
-12.322318,-29.424058,-0.908577
-12.285487,-16.592816,0.655028
-12.250876,-17.347595,9.513959
-12.195005,-28.669279,-1.468831
-12.194679,-17.347595,-0.659362
-12.173089,-21.121490,12.127371
-12.167343,-20.366711,11.863287
-12.163982,-21.876269,12.315034
-12.145110,-22.631048,12.424402
-12.141806,-19.611932,11.525422
-12.121656,-23.385826,12.454381
-12.102579,-27.914500,-1.969656
-12.098850,-24.140605,12.404672
-12.091737,-18.857153,11.117150
-12.088386,-21.121490,-3.206436
-12.085488,-20.366711,-2.955038
-12.081917,-24.895384,12.275772
-12.077278,-21.876269,-3.381044
-12.063616,-19.611932,-2.629362
-12.060831,-16.592816,8.871241
-12.057271,-22.631048,-3.477117
-12.040967,-27.159721,-2.406049
-12.033560,-23.385826,-3.493696
-12.017994,-18.857153,-2.232663
-12.012641,-18.102374,10.642552
-12.011691,-16.592816,-0.024666
-12.011377,-24.140605,-3.430615
-12.005790,-26.404942,-2.773649
-11.995941,-24.895384,-3.288505
-11.992402,-25.650163,-3.068784
-11.988241,-29.424058,-0.294493
-11.944081,-18.102374,-1.768903
-11.900311,-17.347595,10.106369
-11.837620,-17.347595,-1.242717
-11.822318,-28.669279,-0.908577
-11.750876,-16.592816,9.513959
-11.696113,-29.424058,0.367286
-11.695005,-27.914500,-1.468831
-11.694679,-16.592816,-0.659362
-11.673089,-20.366711,12.127371
-11.667343,-19.611932,11.863287
-11.663982,-21.121490,12.315034
-11.645110,-21.876269,12.424402
-11.641806,-18.857153,11.525422
-11.621656,-22.631048,12.454381
-11.620140,-30.178837,6.517155
-11.602579,-27.159721,-1.969656
-11.598850,-23.385826,12.404672
-11.591737,-18.102374,11.117150
-11.588386,-20.366711,-3.206436
-11.585488,-19.611932,-2.955038
-11.581917,-24.140605,12.275772
-11.577278,-21.121490,-3.381044
-11.576021,-24.895384,12.068969
-11.563616,-18.857153,-2.629362
-11.557271,-21.876269,-3.477117
-11.540967,-26.404942,-2.406049
-11.533560,-22.631048,-3.493696
-11.517994,-18.102374,-2.232663
-11.512641,-17.347595,10.642552
-11.511377,-23.385826,-3.430615
-11.505790,-25.650163,-2.773649
-11.495941,-24.140605,-3.288505
-11.492402,-24.895384,-3.068784
-11.488241,-28.669279,-0.294493
-11.448852,-29.424058,1.070147
-11.444081,-17.347595,-1.768903
-11.400311,-16.592816,10.106369
-11.337620,-16.592816,-1.242717
-11.322318,-27.914500,-0.908577
-11.195005,-27.159721,-1.468831
-11.173089,-19.611932,12.127371
-11.167343,-18.857153,11.863287
-11.163982,-20.366711,12.315034
-11.145110,-21.121490,12.424402
-11.141806,-18.102374,11.525422
-11.121656,-21.876269,12.454381
-11.117400,-25.650163,11.430675
-11.102579,-26.404942,-1.969656
-11.098850,-22.631048,12.404672
-11.091737,-17.347595,11.117150
-11.088386,-19.611932,-3.206436
-11.086218,-24.895384,11.786329
-11.085488,-18.857153,-2.955038
-11.081917,-23.385826,12.275772
-11.077278,-20.366711,-3.381044
-11.076021,-24.140605,12.068969
-11.063616,-18.102374,-2.629362
-11.057271,-21.121490,-3.477117
-11.040967,-25.650163,-2.406049
-11.033560,-21.876269,-3.493696
-11.017994,-17.347595,-2.232663
-11.012641,-16.592816,10.642552
-11.011377,-22.631048,-3.430615
-11.005790,-24.895384,-2.773649
-10.995941,-23.385826,-3.288505
-10.992402,-24.140605,-3.068784
-10.988241,-27.914500,-0.294493
-10.955084,-29.424058,4.944543
-10.944081,-16.592816,-1.768903
-10.822318,-27.159721,-0.908577
-10.696113,-27.914500,0.367286
-10.695005,-26.404942,-1.468831
-10.674253,-25.650163,11.005563
-10.673089,-18.857153,12.127371
-10.667343,-18.102374,11.863287
-10.663982,-19.611932,12.315034
-10.645110,-20.366711,12.424402
-10.641806,-17.347595,11.525422
-10.621656,-21.121490,12.454381
-10.617400,-24.895384,11.430675
-10.602579,-25.650163,-1.969656
-10.598850,-21.876269,12.404672
-10.591737,-16.592816,11.117150
-10.588386,-18.857153,-3.206436
-10.586218,-24.140605,11.786329
-10.585488,-18.102374,-2.955038
-10.581917,-22.631048,12.275772
-10.577278,-19.611932,-3.381044
-10.576021,-23.385826,12.068969
-10.563616,-17.347595,-2.629362
-10.557271,-20.366711,-3.477117
-10.540967,-24.895384,-2.406049
-10.533560,-21.121490,-3.493696
-10.517994,-16.592816,-2.232663
-10.511760,-28.669279,5.737135
-10.511377,-21.876269,-3.430615
-10.505790,-24.140605,-2.773649
-10.495941,-22.631048,-3.288505
-10.492402,-23.385826,-3.068784
-10.488241,-27.159721,-0.294493
-10.450681,-28.669279,4.147299
-10.448852,-27.914500,1.070147
-10.322318,-26.404942,-0.908577
-10.248928,-27.914500,1.807067
-10.196113,-27.159721,0.367286
-10.195005,-25.650163,-1.468831
-10.173089,-18.102374,12.127371
-10.167343,-17.347595,11.863287
-10.163982,-18.857153,12.315034
-10.145110,-19.611932,12.424402
-10.141806,-16.592816,11.525422
-10.121656,-20.366711,12.454381
-10.117400,-24.140605,11.430675
-10.102579,-24.895384,-1.969656
-10.098850,-21.121490,12.404672
-10.098340,-27.914500,2.570684
-10.088386,-18.102374,-3.206436
-10.086218,-23.385826,11.786329
-10.085488,-17.347595,-2.955038
-10.081917,-21.876269,12.275772
-10.077278,-18.857153,-3.381044
-10.076021,-22.631048,12.068969
-10.063616,-16.592816,-2.629362
-10.057271,-19.611932,-3.477117
-10.040967,-24.140605,-2.406049
-10.033560,-20.366711,-3.493696
-10.011377,-21.121490,-3.430615
-10.005790,-23.385826,-2.773649
-9.998592,-27.914500,3.353368
-9.995941,-21.876269,-3.288505
-9.992402,-22.631048,-3.068784
-9.988241,-26.404942,-0.294493
-9.955084,-27.914500,4.944543
-9.950681,-27.914500,4.147299
-9.948852,-27.159721,1.070147
-9.822318,-25.650163,-0.908577
-9.748928,-27.159721,1.807067
-9.696113,-26.404942,0.367286
-9.695005,-24.895384,-1.468831
-9.674253,-24.140605,11.005563
-9.673089,-17.347595,12.127371
-9.667343,-16.592816,11.863287
-9.663982,-18.102374,12.315034
-9.645110,-18.857153,12.424402
-9.621656,-19.611932,12.454381
-9.617400,-23.385826,11.430675
-9.602579,-24.140605,-1.969656
-9.598850,-20.366711,12.404672
-9.598340,-27.159721,2.570684
-9.588386,-17.347595,-3.206436
-9.586218,-22.631048,11.786329
-9.585488,-16.592816,-2.955038
-9.581917,-21.121490,12.275772
-9.577278,-18.102374,-3.381044
-9.576021,-21.876269,12.068969
-9.557271,-18.857153,-3.477117
-9.540967,-23.385826,-2.406049
-9.533560,-19.611932,-3.493696
-9.511377,-20.366711,-3.430615
-9.505790,-22.631048,-2.773649
-9.498592,-27.159721,3.353368
-9.495941,-21.121490,-3.288505
-9.492402,-21.876269,-3.068784
-9.488241,-25.650163,-0.294493
-9.487179,-26.404942,8.008511
-9.455084,-27.159721,4.944543
-9.450681,-27.159721,4.147299
-9.448852,-26.404942,1.070147
-9.382381,-24.895384,9.964602
-9.322318,-24.895384,-0.908577
-9.279143,-26.404942,7.276811
-9.261204,-24.140605,10.515239
-9.248928,-26.404942,1.807067
-9.196113,-25.650163,0.367286
-9.195005,-24.140605,-1.468831
-9.174253,-23.385826,11.005563
-9.173089,-16.592816,12.127371
-9.163982,-17.347595,12.315034
-9.145110,-18.102374,12.424402
-9.121656,-18.857153,12.454381
-9.120140,-26.404942,6.517155
-9.117400,-22.631048,11.430675
-9.102579,-23.385826,-1.969656
-9.098850,-19.611932,12.404672
-9.098340,-26.404942,2.570684
-9.088386,-16.592816,-3.206436
-9.086218,-21.876269,11.786329
-9.081917,-20.366711,12.275772
-9.077278,-17.347595,-3.381044
-9.076021,-21.121490,12.068969
-9.057271,-18.102374,-3.477117
-9.041567,-24.895384,9.359154
-9.040967,-22.631048,-2.406049
-9.033560,-18.857153,-3.493696
-9.011760,-26.404942,5.737135
-9.011377,-19.611932,-3.430615
-9.005790,-21.876269,-2.773649
-8.998592,-26.404942,3.353368
-8.995941,-20.366711,-3.288505
-8.992402,-21.121490,-3.068784
-8.988241,-24.895384,-0.294493
-8.987179,-25.650163,8.008511
-8.955084,-26.404942,4.944543
-8.950681,-26.404942,4.147299
-8.948852,-25.650163,1.070147
-8.882381,-24.140605,9.964602
-8.822318,-24.140605,-0.908577
-8.779143,-25.650163,7.276811
-8.761204,-23.385826,10.515239
-8.748928,-25.650163,1.807067
-8.742169,-24.895384,8.704945
-8.696113,-24.895384,0.367286
-8.695005,-23.385826,-1.468831
-8.674253,-22.631048,11.005563
-8.663982,-16.592816,12.315034
-8.645110,-17.347595,12.424402
-8.621656,-18.102374,12.454381
-8.620140,-25.650163,6.517155
-8.617400,-21.876269,11.430675
-8.602579,-22.631048,-1.969656
-8.598850,-18.857153,12.404672
-8.598340,-25.650163,2.570684
-8.586218,-21.121490,11.786329
-8.581917,-19.611932,12.275772
-8.577278,-16.592816,-3.381044
-8.576021,-20.366711,12.068969
-8.557271,-17.347595,-3.477117
-8.541567,-24.140605,9.359154
-8.540967,-21.876269,-2.406049
-8.533560,-18.102374,-3.493696
-8.511760,-25.650163,5.737135
-8.511377,-18.857153,-3.430615
-8.505790,-21.121490,-2.773649
-8.498592,-25.650163,3.353368
-8.495941,-19.611932,-3.288505
-8.492402,-20.366711,-3.068784
-8.488241,-24.140605,-0.294493
-8.487179,-24.895384,8.008511
-8.455084,-25.650163,4.944543
-8.450681,-25.650163,4.147299
-8.448852,-24.895384,1.070147
-8.382381,-23.385826,9.964602
-8.322318,-23.385826,-0.908577
-8.279143,-24.895384,7.276811
-8.261204,-22.631048,10.515239
-8.248928,-24.895384,1.807067
-8.242169,-24.140605,8.704945
-8.196113,-24.140605,0.367286
-8.195005,-22.631048,-1.468831
-8.174253,-21.876269,11.005563
-8.145110,-16.592816,12.424402
-8.121656,-17.347595,12.454381
-8.120140,-24.895384,6.517155
-8.117400,-21.121490,11.430675
-8.102579,-21.876269,-1.969656
-8.098850,-18.102374,12.404672
-8.098340,-24.895384,2.570684
-8.086218,-20.366711,11.786329
-8.081917,-18.857153,12.275772
-8.076021,-19.611932,12.068969
-8.057271,-16.592816,-3.477117
-8.041567,-23.385826,9.359154
-8.040967,-21.121490,-2.406049
-8.033560,-17.347595,-3.493696
-8.011760,-24.895384,5.737135
-8.011377,-18.102374,-3.430615
-8.005790,-20.366711,-2.773649
-7.998592,-24.895384,3.353368
-7.995941,-18.857153,-3.288505
-7.992402,-19.611932,-3.068784
-7.988241,-23.385826,-0.294493
-7.987179,-24.140605,8.008511
-7.955084,-24.895384,4.944543
-7.950681,-24.895384,4.147299
-7.948852,-24.140605,1.070147
-7.882381,-22.631048,9.964602
-7.822318,-22.631048,-0.908577
-7.779143,-24.140605,7.276811
-7.761204,-21.876269,10.515239
-7.748928,-24.140605,1.807067
-7.742169,-23.385826,8.704945
-7.696113,-23.385826,0.367286
-7.695005,-21.876269,-1.468831
-7.674253,-21.121490,11.005563
-7.621656,-16.592816,12.454381
-7.620140,-24.140605,6.517155
-7.617400,-20.366711,11.430675
-7.602579,-21.121490,-1.969656
-7.598850,-17.347595,12.404672
-7.598340,-24.140605,2.570684
-7.586218,-19.611932,11.786329
-7.581917,-18.102374,12.275772
-7.576021,-18.857153,12.068969
-7.541567,-22.631048,9.359154
-7.540967,-20.366711,-2.406049
-7.533560,-16.592816,-3.493696
-7.511760,-24.140605,5.737135
-7.511377,-17.347595,-3.430615
-7.505790,-19.611932,-2.773649
-7.498592,-24.140605,3.353368
-7.495941,-18.102374,-3.288505
-7.492402,-18.857153,-3.068784
-7.488241,-22.631048,-0.294493
-7.487179,-23.385826,8.008511
-7.455084,-24.140605,4.944543
-7.450681,-24.140605,4.147299
-7.448852,-23.385826,1.070147
-7.382381,-21.876269,9.964602
-7.322318,-21.876269,-0.908577
-7.279143,-23.385826,7.276811
-7.261204,-21.121490,10.515239
-7.248928,-23.385826,1.807067
-7.242169,-22.631048,8.704945
-7.196113,-22.631048,0.367286
-7.195005,-21.121490,-1.468831
-7.174253,-20.366711,11.005563
-7.120140,-23.385826,6.517155
-7.117400,-19.611932,11.430675
-7.102579,-20.366711,-1.969656
-7.098850,-16.592816,12.404672
-7.098340,-23.385826,2.570684
-7.086218,-18.857153,11.786329
-7.081917,-17.347595,12.275772
-7.076021,-18.102374,12.068969
-7.041567,-21.876269,9.359154
-7.040967,-19.611932,-2.406049
-7.011760,-23.385826,5.737135
-7.011377,-16.592816,-3.430615
-7.005790,-18.857153,-2.773649
-6.998592,-23.385826,3.353368
-6.995941,-17.347595,-3.288505
-6.992402,-18.102374,-3.068784
-6.988241,-21.876269,-0.294493
-6.987179,-22.631048,8.008511
-6.955084,-23.385826,4.944543
-6.950681,-23.385826,4.147299
-6.948852,-22.631048,1.070147
-6.882381,-21.121490,9.964602
-6.822318,-21.121490,-0.908577
-6.779143,-22.631048,7.276811
-6.761204,-20.366711,10.515239
-6.748928,-22.631048,1.807067
-6.742169,-21.876269,8.704945
-6.696113,-21.876269,0.367286
-6.695005,-20.366711,-1.468831
-6.674253,-19.611932,11.005563
-6.620140,-22.631048,6.517155
-6.617400,-18.857153,11.430675
-6.602579,-19.611932,-1.969656
-6.598340,-22.631048,2.570684
-6.586218,-18.102374,11.786329
-6.581917,-16.592816,12.275772
-6.576021,-17.347595,12.068969
-6.541567,-21.121490,9.359154
-6.540967,-18.857153,-2.406049
-6.511760,-22.631048,5.737135
-6.505790,-18.102374,-2.773649
-6.498592,-22.631048,3.353368
-6.495941,-16.592816,-3.288505
-6.492402,-17.347595,-3.068784
-6.488241,-21.121490,-0.294493
-6.487179,-21.876269,8.008511
-6.455084,-22.631048,4.944543
-6.450681,-22.631048,4.147299
-6.448852,-21.876269,1.070147
-6.382381,-20.366711,9.964602
-6.322318,-20.366711,-0.908577
-6.279143,-21.876269,7.276811
-6.261204,-19.611932,10.515239
-6.248928,-21.876269,1.807067
-6.242169,-21.121490,8.704945
-6.196113,-21.121490,0.367286
-6.195005,-19.611932,-1.468831
-6.174253,-18.857153,11.005563
-6.120140,-21.876269,6.517155
-6.117400,-18.102374,11.430675
-6.102579,-18.857153,-1.969656
-6.098340,-21.876269,2.570684
-6.086218,-17.347595,11.786329
-6.076021,-16.592816,12.068969
-6.041567,-20.366711,9.359154
-6.040967,-18.102374,-2.406049
-6.011760,-21.876269,5.737135
-6.005790,-17.347595,-2.773649
-5.998592,-21.876269,3.353368
-5.992402,-16.592816,-3.068784
-5.988241,-20.366711,-0.294493
-5.987179,-21.121490,8.008511
-5.955084,-21.876269,4.944543
-5.950681,-21.876269,4.147299
-5.948852,-21.121490,1.070147
-5.882381,-19.611932,9.964602
-5.822318,-19.611932,-0.908577
-5.779143,-21.121490,7.276811
-5.761204,-18.857153,10.515239
-5.748928,-21.121490,1.807067
-5.742169,-20.366711,8.704945
-5.696113,-20.366711,0.367286
-5.695005,-18.857153,-1.468831
-5.674253,-18.102374,11.005563
-5.620140,-21.121490,6.517155
-5.617400,-17.347595,11.430675
-5.602579,-18.102374,-1.969656
-5.598340,-21.121490,2.570684
-5.586218,-16.592816,11.786329
-5.541567,-19.611932,9.359154
-5.540967,-17.347595,-2.406049
-5.511760,-21.121490,5.737135
-5.505790,-16.592816,-2.773649
-5.498592,-21.121490,3.353368
-5.488241,-19.611932,-0.294493
-5.487179,-20.366711,8.008511
-5.455084,-21.121490,4.944543
-5.450681,-21.121490,4.147299
-5.448852,-20.366711,1.070147
-5.382381,-18.857153,9.964602
-5.322318,-18.857153,-0.908577
-5.279143,-20.366711,7.276811
-5.261204,-18.102374,10.515239
-5.248928,-20.366711,1.807067
-5.242169,-19.611932,8.704945
-5.196113,-19.611932,0.367286
-5.195005,-18.102374,-1.468831
-5.174253,-17.347595,11.005563
-5.120140,-20.366711,6.517155
-5.117400,-16.592816,11.430675
-5.102579,-17.347595,-1.969656
-5.098340,-20.366711,2.570684
-5.041567,-18.857153,9.359154
-5.040967,-16.592816,-2.406049
-5.011760,-20.366711,5.737135
-4.998592,-20.366711,3.353368
-4.988241,-18.857153,-0.294493
-4.987179,-19.611932,8.008511
-4.955084,-20.366711,4.944543
-4.950681,-20.366711,4.147299
-4.948852,-19.611932,1.070147
-4.882381,-18.102374,9.964602
-4.822318,-18.102374,-0.908577
-4.779143,-19.611932,7.276811
-4.761204,-17.347595,10.515239
-4.748928,-19.611932,1.807067
-4.742169,-18.857153,8.704945
-4.696113,-18.857153,0.367286
-4.695005,-17.347595,-1.468831
-4.674253,-16.592816,11.005563
-4.620140,-19.611932,6.517155
-4.602579,-16.592816,-1.969656
-4.598340,-19.611932,2.570684
-4.541567,-18.102374,9.359154
-4.511760,-19.611932,5.737135
-4.498592,-19.611932,3.353368
-4.488241,-18.102374,-0.294493
-4.487179,-18.857153,8.008511
-4.455084,-19.611932,4.944543
-4.450681,-19.611932,4.147299
-4.448852,-18.857153,1.070147
-4.382381,-17.347595,9.964602
-4.322318,-17.347595,-0.908577
-4.279143,-18.857153,7.276811
-4.261204,-16.592816,10.515239
-4.248928,-18.857153,1.807067
-4.242169,-18.102374,8.704945
-4.196113,-18.102374,0.367286
-4.195005,-16.592816,-1.468831
-4.120140,-18.857153,6.517155
-4.102579,-15.838037,-1.969656
-4.098340,-18.857153,2.570684
-4.041567,-17.347595,9.359154
-4.011760,-18.857153,5.737135
-3.998592,-18.857153,3.353368
-3.988241,-17.347595,-0.294493
-3.987179,-18.102374,8.008511
-3.955084,-18.857153,4.944543
-3.950681,-18.857153,4.147299
-3.948852,-18.102374,1.070147
-3.882381,-16.592816,9.964602
-3.822318,-16.592816,-0.908577
-3.779143,-18.102374,7.276811
-3.748928,-18.102374,1.807067
-3.742169,-17.347595,8.704945
-3.696113,-17.347595,0.367286
-3.695005,-15.838037,-1.468831
-3.620140,-18.102374,6.517155
-3.598340,-18.102374,2.570684
-3.541567,-16.592816,9.359154
-3.511760,-18.102374,5.737135
-3.498592,-18.102374,3.353368
-3.488241,-16.592816,-0.294493
-3.487179,-17.347595,8.008511
-3.455084,-18.102374,4.944543
-3.450681,-18.102374,4.147299
-3.448852,-17.347595,1.070147
-3.279143,-17.347595,7.276811
-3.248928,-17.347595,1.807067
-3.242169,-16.592816,8.704945
-3.196113,-16.592816,0.367286
-3.120140,-17.347595,6.517155
-3.098340,-17.347595,2.570684
-3.011760,-17.347595,5.737135
-2.998592,-17.347595,3.353368
-2.988241,-15.838037,-0.294493
-2.987179,-16.592816,8.008511
-2.955084,-17.347595,4.944543
-2.950681,-17.347595,4.147299
-2.948852,-16.592816,1.070147
-2.779143,-16.592816,7.276811
-2.748928,-16.592816,1.807067
-2.620140,-16.592816,6.517155
-2.598340,-16.592816,2.570684
-2.511760,-16.592816,5.737135
-2.498592,-16.592816,3.353368
-2.455084,-16.592816,4.944543
-2.450681,-16.592816,4.147299
2.450681,-16.592816,4.147299
2.455084,-16.592816,4.944543
2.498592,-16.592816,3.353368
2.511760,-16.592816,5.737135
2.598340,-16.592816,2.570684
2.620140,-16.592816,6.517155
2.748928,-16.592816,1.807067
2.779143,-16.592816,7.276811
2.948852,-16.592816,1.070147
2.950681,-17.347595,4.147299
2.955084,-17.347595,4.944543
2.987179,-16.592816,8.008511
2.988241,-15.838037,-0.294493
2.998592,-17.347595,3.353368
3.011760,-17.347595,5.737135
3.098340,-17.347595,2.570684
3.120140,-17.347595,6.517155
3.196113,-16.592816,0.367286
3.242169,-16.592816,8.704945
3.248928,-17.347595,1.807067
3.279143,-17.347595,7.276811
3.448852,-17.347595,1.070147
3.450681,-18.102374,4.147299
3.455084,-18.102374,4.944543
3.487179,-17.347595,8.008511
3.488241,-16.592816,-0.294493
3.498592,-18.102374,3.353368
3.511760,-18.102374,5.737135
3.541567,-16.592816,9.359154
3.598340,-18.102374,2.570684
3.620140,-18.102374,6.517155
3.695005,-15.838037,-1.468831
3.696113,-17.347595,0.367286
3.742169,-17.347595,8.704945
3.748928,-18.102374,1.807067
3.779143,-18.102374,7.276811
3.822318,-16.592816,-0.908577
3.882381,-16.592816,9.964602
3.948852,-18.102374,1.070147
3.950681,-18.857153,4.147299
3.955084,-18.857153,4.944543
3.987179,-18.102374,8.008511
3.988241,-17.347595,-0.294493
3.998592,-18.857153,3.353368
4.011760,-18.857153,5.737135
4.041567,-17.347595,9.359154
4.098340,-18.857153,2.570684
4.102579,-15.838037,-1.969656
4.120140,-18.857153,6.517155
4.195005,-16.592816,-1.468831
4.196113,-18.102374,0.367286
4.242169,-18.102374,8.704945
4.248928,-18.857153,1.807067
4.261204,-16.592816,10.515239
4.279143,-18.857153,7.276811
4.322318,-17.347595,-0.908577
4.382381,-17.347595,9.964602
4.448852,-18.857153,1.070147
4.450681,-19.611932,4.147299
4.455084,-19.611932,4.944543
4.487179,-18.857153,8.008511
4.488241,-18.102374,-0.294493
4.498592,-19.611932,3.353368
4.511760,-19.611932,5.737135
4.541567,-18.102374,9.359154
4.598340,-19.611932,2.570684
4.602579,-16.592816,-1.969656
4.620140,-19.611932,6.517155
4.674253,-16.592816,11.005563
4.695005,-17.347595,-1.468831
4.696113,-18.857153,0.367286
4.742169,-18.857153,8.704945
4.748928,-19.611932,1.807067
4.761204,-17.347595,10.515239
4.779143,-19.611932,7.276811
4.822318,-18.102374,-0.908577
4.882381,-18.102374,9.964602
4.948852,-19.611932,1.070147
4.950681,-20.366711,4.147299
4.955084,-20.366711,4.944543
4.987179,-19.611932,8.008511
4.988241,-18.857153,-0.294493
4.998592,-20.366711,3.353368
5.011760,-20.366711,5.737135
5.040967,-16.592816,-2.406049
5.041567,-18.857153,9.359154
5.098340,-20.366711,2.570684
5.102579,-17.347595,-1.969656
5.117400,-16.592816,11.430675
5.120140,-20.366711,6.517155
5.174253,-17.347595,11.005563
5.195005,-18.102374,-1.468831
5.196113,-19.611932,0.367286
5.242169,-19.611932,8.704945
5.248928,-20.366711,1.807067
5.261204,-18.102374,10.515239
5.279143,-20.366711,7.276811
5.322318,-18.857153,-0.908577
5.382381,-18.857153,9.964602
5.448852,-20.366711,1.070147
5.450681,-21.121490,4.147299
5.455084,-21.121490,4.944543
5.487179,-20.366711,8.008511
5.488241,-19.611932,-0.294493
5.498592,-21.121490,3.353368
5.505790,-16.592816,-2.773649
5.511760,-21.121490,5.737135
5.540967,-17.347595,-2.406049
5.541567,-19.611932,9.359154
5.586218,-16.592816,11.786329
5.598340,-21.121490,2.570684
5.602579,-18.102374,-1.969656
5.617400,-17.347595,11.430675
5.620140,-21.121490,6.517155
5.674253,-18.102374,11.005563
5.695005,-18.857153,-1.468831
5.696113,-20.366711,0.367286
5.742169,-20.366711,8.704945
5.748928,-21.121490,1.807067
5.761204,-18.857153,10.515239
5.779143,-21.121490,7.276811
5.822318,-19.611932,-0.908577
5.882381,-19.611932,9.964602
5.948852,-21.121490,1.070147
5.950681,-21.876269,4.147299
5.955084,-21.876269,4.944543
5.987179,-21.121490,8.008511
5.988241,-20.366711,-0.294493
5.992402,-16.592816,-3.068784
5.998592,-21.876269,3.353368
6.005790,-17.347595,-2.773649
6.011760,-21.876269,5.737135
6.040967,-18.102374,-2.406049
6.041567,-20.366711,9.359154
6.076021,-16.592816,12.068969
6.086218,-17.347595,11.786329
6.098340,-21.876269,2.570684
6.102579,-18.857153,-1.969656
6.117400,-18.102374,11.430675
6.120140,-21.876269,6.517155
6.174253,-18.857153,11.005563
6.195005,-19.611932,-1.468831
6.196113,-21.121490,0.367286
6.242169,-21.121490,8.704945
6.248928,-21.876269,1.807067
6.261204,-19.611932,10.515239
6.279143,-21.876269,7.276811
6.322318,-20.366711,-0.908577
6.382381,-20.366711,9.964602
6.448852,-21.876269,1.070147
6.450681,-22.631048,4.147299
6.455084,-22.631048,4.944543
6.487179,-21.876269,8.008511
6.488241,-21.121490,-0.294493
6.492402,-17.347595,-3.068784
6.495941,-16.592816,-3.288505
6.498592,-22.631048,3.353368
6.505790,-18.102374,-2.773649
6.511760,-22.631048,5.737135
6.540967,-18.857153,-2.406049
6.541567,-21.121490,9.359154
6.576021,-17.347595,12.068969
6.581917,-16.592816,12.275772
6.586218,-18.102374,11.786329
6.598340,-22.631048,2.570684
6.602579,-19.611932,-1.969656
6.617400,-18.857153,11.430675
6.620140,-22.631048,6.517155
6.674253,-19.611932,11.005563
6.695005,-20.366711,-1.468831
6.696113,-21.876269,0.367286
6.742169,-21.876269,8.704945
6.748928,-22.631048,1.807067
6.761204,-20.366711,10.515239
6.779143,-22.631048,7.276811
6.822318,-21.121490,-0.908577
6.882381,-21.121490,9.964602
6.948852,-22.631048,1.070147
6.950681,-23.385826,4.147299
6.955084,-23.385826,4.944543
6.987179,-22.631048,8.008511
6.988241,-21.876269,-0.294493
6.992402,-18.102374,-3.068784
6.995941,-17.347595,-3.288505
6.998592,-23.385826,3.353368
7.005790,-18.857153,-2.773649
7.011377,-16.592816,-3.430615
7.011760,-23.385826,5.737135
7.040967,-19.611932,-2.406049
7.041567,-21.876269,9.359154
7.076021,-18.102374,12.068969
7.081917,-17.347595,12.275772
7.086218,-18.857153,11.786329
7.098340,-23.385826,2.570684
7.098850,-16.592816,12.404672
7.102579,-20.366711,-1.969656
7.117400,-19.611932,11.430675
7.120140,-23.385826,6.517155
7.174253,-20.366711,11.005563
7.195005,-21.121490,-1.468831
7.196113,-22.631048,0.367286
7.242169,-22.631048,8.704945
7.248928,-23.385826,1.807067
7.261204,-21.121490,10.515239
7.279143,-23.385826,7.276811
7.322318,-21.876269,-0.908577
7.382381,-21.876269,9.964602
7.448852,-23.385826,1.070147
7.450681,-24.140605,4.147299
7.455084,-24.140605,4.944543
7.487179,-23.385826,8.008511
7.488241,-22.631048,-0.294493
7.492402,-18.857153,-3.068784
7.495941,-18.102374,-3.288505
7.498592,-24.140605,3.353368
7.505790,-19.611932,-2.773649
7.511377,-17.347595,-3.430615
7.511760,-24.140605,5.737135
7.533560,-16.592816,-3.493696
7.540967,-20.366711,-2.406049
7.541567,-22.631048,9.359154
7.576021,-18.857153,12.068969
7.581917,-18.102374,12.275772
7.586218,-19.611932,11.786329
7.598340,-24.140605,2.570684
7.598850,-17.347595,12.404672
7.602579,-21.121490,-1.969656
7.617400,-20.366711,11.430675
7.620140,-24.140605,6.517155
7.621656,-16.592816,12.454381
7.674253,-21.121490,11.005563
7.695005,-21.876269,-1.468831
7.696113,-23.385826,0.367286
7.742169,-23.385826,8.704945
7.748928,-24.140605,1.807067
7.761204,-21.876269,10.515239
7.779143,-24.140605,7.276811
7.822318,-22.631048,-0.908577
7.882381,-22.631048,9.964602
7.948852,-24.140605,1.070147
7.950681,-24.895384,4.147299
7.955084,-24.895384,4.944543
7.987179,-24.140605,8.008511
7.988241,-23.385826,-0.294493
7.992402,-19.611932,-3.068784
7.995941,-18.857153,-3.288505
7.998592,-24.895384,3.353368
8.005790,-20.366711,-2.773649
8.011377,-18.102374,-3.430615
8.011760,-24.895384,5.737135
8.033560,-17.347595,-3.493696
8.040967,-21.121490,-2.406049
8.041567,-23.385826,9.359154
8.057271,-16.592816,-3.477117
8.076021,-19.611932,12.068969
8.081917,-18.857153,12.275772
8.086218,-20.366711,11.786329
8.098340,-24.895384,2.570684
8.098850,-18.102374,12.404672
8.102579,-21.876269,-1.969656
8.117400,-21.121490,11.430675
8.120140,-24.895384,6.517155
8.121656,-17.347595,12.454381
8.145110,-16.592816,12.424402
8.174253,-21.876269,11.005563
8.195005,-22.631048,-1.468831
8.196113,-24.140605,0.367286
8.242169,-24.140605,8.704945
8.248928,-24.895384,1.807067
8.261204,-22.631048,10.515239
8.279143,-24.895384,7.276811
8.322318,-23.385826,-0.908577
8.382381,-23.385826,9.964602
8.448852,-24.895384,1.070147
8.450681,-25.650163,4.147299
8.455084,-25.650163,4.944543
8.487179,-24.895384,8.008511
8.488241,-24.140605,-0.294493
8.492402,-20.366711,-3.068784
8.495941,-19.611932,-3.288505
8.498592,-25.650163,3.353368
8.505790,-21.121490,-2.773649
8.511377,-18.857153,-3.430615
8.511760,-25.650163,5.737135
8.533560,-18.102374,-3.493696
8.540967,-21.876269,-2.406049
8.541567,-24.140605,9.359154
8.557271,-17.347595,-3.477117
8.576021,-20.366711,12.068969
8.577278,-16.592816,-3.381044
8.581917,-19.611932,12.275772
8.586218,-21.121490,11.786329
8.598340,-25.650163,2.570684
8.598850,-18.857153,12.404672
8.602579,-22.631048,-1.969656
8.617400,-21.876269,11.430675
8.620140,-25.650163,6.517155
8.621656,-18.102374,12.454381
8.645110,-17.347595,12.424402
8.663982,-16.592816,12.315034
8.674253,-22.631048,11.005563
8.695005,-23.385826,-1.468831
8.696113,-24.895384,0.367286
8.742169,-24.895384,8.704945
8.748928,-25.650163,1.807067
8.761204,-23.385826,10.515239
8.779143,-25.650163,7.276811
8.822318,-24.140605,-0.908577
8.882381,-24.140605,9.964602
8.948852,-25.650163,1.070147
8.950681,-26.404942,4.147299
8.955084,-26.404942,4.944543
8.987179,-25.650163,8.008511
8.988241,-24.895384,-0.294493
8.992402,-21.121490,-3.068784
8.995941,-20.366711,-3.288505
8.998592,-26.404942,3.353368
9.005790,-21.876269,-2.773649
9.011377,-19.611932,-3.430615
9.011760,-26.404942,5.737135
9.033560,-18.857153,-3.493696
9.040967,-22.631048,-2.406049
9.041567,-24.895384,9.359154
9.057271,-18.102374,-3.477117
9.076021,-21.121490,12.068969
9.077278,-17.347595,-3.381044
9.081917,-20.366711,12.275772
9.086218,-21.876269,11.786329
9.088386,-16.592816,-3.206436
9.098340,-26.404942,2.570684
9.098850,-19.611932,12.404672
9.102579,-23.385826,-1.969656
9.117400,-22.631048,11.430675
9.120140,-26.404942,6.517155
9.121656,-18.857153,12.454381
9.145110,-18.102374,12.424402
9.163982,-17.347595,12.315034
9.173089,-16.592816,12.127371
9.174253,-23.385826,11.005563
9.195005,-24.140605,-1.468831
9.196113,-25.650163,0.367286
9.242169,-25.650163,8.704945
9.248928,-26.404942,1.807067
9.261204,-24.140605,10.515239
9.279143,-26.404942,7.276811
9.322318,-24.895384,-0.908577
9.382381,-24.895384,9.964602
9.448852,-26.404942,1.070147
9.450681,-27.159721,4.147299
9.455084,-27.159721,4.944543
9.487179,-26.404942,8.008511
9.488241,-25.650163,-0.294493
9.492402,-21.876269,-3.068784
9.495941,-21.121490,-3.288505
9.498592,-27.159721,3.353368
9.505790,-22.631048,-2.773649
9.511377,-20.366711,-3.430615
9.511760,-27.159721,5.737135
9.533560,-19.611932,-3.493696
9.540967,-23.385826,-2.406049
9.541567,-25.650163,9.359154
9.557271,-18.857153,-3.477117
9.576021,-21.876269,12.068969
9.577278,-18.102374,-3.381044
9.581917,-21.121490,12.275772
9.585488,-16.592816,-2.955038
9.586218,-22.631048,11.786329
9.588386,-17.347595,-3.206436
9.598340,-27.159721,2.570684
9.598850,-20.366711,12.404672
9.602579,-24.140605,-1.969656
9.617400,-23.385826,11.430675
9.620140,-27.159721,6.517155
9.621656,-19.611932,12.454381
9.645110,-18.857153,12.424402
9.663982,-18.102374,12.315034
9.667343,-16.592816,11.863287
9.673089,-17.347595,12.127371
9.674253,-24.140605,11.005563
9.695005,-24.895384,-1.468831
9.696113,-26.404942,0.367286
9.742169,-26.404942,8.704945
9.748928,-27.159721,1.807067
9.761204,-24.895384,10.515239
9.779143,-27.159721,7.276811
9.822318,-25.650163,-0.908577
9.882381,-25.650163,9.964602
9.948852,-27.159721,1.070147
9.950681,-27.914500,4.147299
9.955084,-27.914500,4.944543
9.987179,-27.159721,8.008511
9.988241,-26.404942,-0.294493
9.992402,-22.631048,-3.068784
9.995941,-21.876269,-3.288505
9.998592,-27.914500,3.353368
10.005790,-23.385826,-2.773649
10.011377,-21.121490,-3.430615
10.011760,-27.914500,5.737135
10.033560,-20.366711,-3.493696
10.040967,-24.140605,-2.406049
10.041567,-26.404942,9.359154
10.057271,-19.611932,-3.477117
10.063616,-16.592816,-2.629362
10.076021,-22.631048,12.068969
10.077278,-18.857153,-3.381044
10.081917,-21.876269,12.275772
10.085488,-17.347595,-2.955038
10.086218,-23.385826,11.786329
10.088386,-18.102374,-3.206436
10.098340,-27.914500,2.570684
10.098850,-21.121490,12.404672
10.102579,-24.895384,-1.969656
10.117400,-24.140605,11.430675
10.120140,-27.914500,6.517155
10.121656,-20.366711,12.454381
10.141806,-16.592816,11.525422
10.145110,-19.611932,12.424402
10.163982,-18.857153,12.315034
10.167343,-17.347595,11.863287
10.173089,-18.102374,12.127371
10.174253,-24.895384,11.005563
10.195005,-25.650163,-1.468831
10.196113,-27.159721,0.367286
10.242169,-27.159721,8.704945
10.248928,-27.914500,1.807067
10.261204,-25.650163,10.515239
10.279143,-27.914500,7.276811
10.322318,-26.404942,-0.908577
10.382381,-26.404942,9.964602
10.448852,-27.914500,1.070147
10.450681,-28.669279,4.147299
10.455084,-28.669279,4.944543
10.487179,-27.914500,8.008511
10.488241,-27.159721,-0.294493
10.492402,-23.385826,-3.068784
10.495941,-22.631048,-3.288505
10.498592,-28.669279,3.353368
10.505790,-24.140605,-2.773649
10.511377,-21.876269,-3.430615
10.511760,-28.669279,5.737135
10.517994,-16.592816,-2.232663
10.533560,-21.121490,-3.493696
10.540967,-24.895384,-2.406049
10.541567,-27.159721,9.359154
10.557271,-20.366711,-3.477117
10.563616,-17.347595,-2.629362
10.576021,-23.385826,12.068969
10.577278,-19.611932,-3.381044
10.581917,-22.631048,12.275772
10.585488,-18.102374,-2.955038
10.586218,-24.140605,11.786329
10.588386,-18.857153,-3.206436
10.591737,-16.592816,11.117150
10.598340,-28.669279,2.570684
10.598850,-21.876269,12.404672
10.602579,-25.650163,-1.969656
10.617400,-24.895384,11.430675
10.620140,-28.669279,6.517155
10.621656,-21.121490,12.454381
10.641806,-17.347595,11.525422
10.645110,-20.366711,12.424402
10.663982,-19.611932,12.315034
10.667343,-18.102374,11.863287
10.673089,-18.857153,12.127371
10.674253,-25.650163,11.005563
10.695005,-26.404942,-1.468831
10.696113,-27.914500,0.367286
10.742169,-27.914500,8.704945
10.748928,-28.669279,1.807067
10.761204,-26.404942,10.515239
10.779143,-28.669279,7.276811
10.822318,-27.159721,-0.908577
10.882381,-27.159721,9.964602
10.944081,-16.592816,-1.768903
10.948852,-28.669279,1.070147
10.987179,-28.669279,8.008511
10.988241,-27.914500,-0.294493
10.992402,-24.140605,-3.068784
10.995941,-23.385826,-3.288505
11.005790,-24.895384,-2.773649
11.011377,-22.631048,-3.430615
11.012641,-16.592816,10.642552
11.017994,-17.347595,-2.232663
11.033560,-21.876269,-3.493696
11.040967,-25.650163,-2.406049
11.057271,-21.121490,-3.477117
11.063616,-18.102374,-2.629362
11.076021,-24.140605,12.068969
11.077278,-20.366711,-3.381044
11.081917,-23.385826,12.275772
11.085488,-18.857153,-2.955038
11.086218,-24.895384,11.786329
11.088386,-19.611932,-3.206436
11.091737,-17.347595,11.117150
11.098340,-29.424058,2.570684
11.098850,-22.631048,12.404672
11.102579,-26.404942,-1.969656
11.117400,-25.650163,11.430675
11.121656,-21.876269,12.454381
11.141806,-18.102374,11.525422
11.145110,-21.121490,12.424402
11.163982,-20.366711,12.315034
11.167343,-18.857153,11.863287
11.173089,-19.611932,12.127371
11.174253,-26.404942,11.005563
11.195005,-27.159721,-1.468831
11.196113,-28.669279,0.367286
11.242169,-28.669279,8.704945
11.248928,-29.424058,1.807067
11.322318,-27.914500,-0.908577
11.337620,-16.592816,-1.242717
11.382381,-27.914500,9.964602
11.400311,-16.592816,10.106369
11.444081,-17.347595,-1.768903
11.448852,-29.424058,1.070147
11.487179,-29.424058,8.008511
11.488241,-28.669279,-0.294493
11.492402,-24.895384,-3.068784
11.495941,-24.140605,-3.288505
11.505790,-25.650163,-2.773649
11.511377,-23.385826,-3.430615
11.512641,-17.347595,10.642552
11.517994,-18.102374,-2.232663
11.533560,-22.631048,-3.493696
11.540967,-26.404942,-2.406049
11.541567,-28.669279,9.359154
11.557271,-21.876269,-3.477117
11.563616,-18.857153,-2.629362
11.576021,-24.895384,12.068969
11.577278,-21.121490,-3.381044
11.581917,-24.140605,12.275772
11.585488,-19.611932,-2.955038
11.586218,-25.650163,11.786329
11.588386,-20.366711,-3.206436
11.591737,-18.102374,11.117150
11.598850,-23.385826,12.404672
11.602579,-27.159721,-1.969656
11.617400,-26.404942,11.430675
11.621656,-22.631048,12.454381
11.641806,-18.857153,11.525422
11.645110,-21.876269,12.424402
11.663982,-21.121490,12.315034
11.667343,-19.611932,11.863287
11.673089,-20.366711,12.127371
11.694679,-16.592816,-0.659362
11.695005,-27.914500,-1.468831
11.696113,-29.424058,0.367286
11.742169,-29.424058,8.704945
11.748928,-30.178837,1.807067
11.750876,-16.592816,9.513959
11.761204,-27.914500,10.515239
11.779143,-30.178837,7.276811
11.822318,-28.669279,-0.908577
11.837620,-17.347595,-1.242717
11.882381,-28.669279,9.964602
11.900311,-17.347595,10.106369
11.944081,-18.102374,-1.768903
11.948852,-30.178837,1.070147
11.987179,-30.178837,8.008511
11.988241,-29.424058,-0.294493
11.992402,-25.650163,-3.068784
11.995941,-24.895384,-3.288505
12.005790,-26.404942,-2.773649
12.011377,-24.140605,-3.430615
12.011691,-16.592816,-0.024666
12.012641,-18.102374,10.642552
12.017994,-18.857153,-2.232663
12.033560,-23.385826,-3.493696
12.040967,-27.159721,-2.406049
12.041567,-29.424058,9.359154
12.057271,-22.631048,-3.477117
12.060831,-16.592816,8.871241
12.063616,-19.611932,-2.629362
12.076021,-25.650163,12.068969
12.077278,-21.876269,-3.381044
12.081917,-24.895384,12.275772
12.085488,-20.366711,-2.955038
12.086218,-26.404942,11.786329
12.088386,-21.121490,-3.206436
12.091737,-18.857153,11.117150
12.098850,-24.140605,12.404672
12.102579,-27.914500,-1.969656
12.117400,-27.159721,11.430675
12.121656,-23.385826,12.454381
12.141806,-19.611932,11.525422
12.145110,-22.631048,12.424402
12.163982,-21.876269,12.315034
12.167343,-20.366711,11.863287
12.173089,-21.121490,12.127371
12.174253,-27.914500,11.005563
12.194679,-17.347595,-0.659362
12.195005,-28.669279,-1.468831
12.196113,-30.178837,0.367286
12.242169,-30.178837,8.704945
12.250876,-17.347595,9.513959
12.261204,-28.669279,10.515239
12.285487,-16.592816,0.655028
12.322318,-29.424058,-0.908577
12.327080,-16.592816,8.184636
12.337620,-18.102374,-1.242717
12.382381,-29.424058,9.964602
12.400311,-18.102374,10.106369
12.444081,-18.857153,-1.768903
12.488241,-30.178837,-0.294493
12.492402,-26.404942,-3.068784
12.495941,-25.650163,-3.288505
12.505790,-27.159721,-2.773649
12.511377,-24.895384,-3.430615
12.511691,-17.347595,-0.024666
12.512641,-18.857153,10.642552
12.513333,-16.592816,1.372930
12.517994,-19.611932,-2.232663
12.533560,-24.140605,-3.493696
12.540967,-27.914500,-2.406049
12.541567,-30.178837,9.359154
12.546963,-16.592816,7.461005
12.557271,-23.385826,-3.477117
12.560831,-17.347595,8.871241
12.563616,-20.366711,-2.629362
12.577278,-22.631048,-3.381044
12.581917,-25.650163,12.275772
12.585488,-21.121490,-2.955038
12.588386,-21.876269,-3.206436
12.591737,-19.611932,11.117150
12.602579,-28.669279,-1.969656
12.617400,-27.914500,11.430675
12.621656,-24.140605,12.454381
12.641806,-20.366711,11.525422
12.645110,-23.385826,12.424402
12.663982,-22.631048,12.315034
12.667343,-21.121490,11.863287
12.673089,-21.876269,12.127371
12.674253,-28.669279,11.005563
12.692951,-16.592816,2.121865
12.694679,-18.102374,-0.659362
12.695005,-29.424058,-1.468831
12.718282,-16.592816,6.707578
12.750876,-18.102374,9.513959
12.761204,-29.424058,10.515239
12.785487,-17.347595,0.655028
12.822318,-30.178837,-0.908577
12.822547,-16.592816,2.894352
12.827080,-17.347595,8.184636
12.837620,-18.857153,-1.242717
12.839326,-16.592816,5.931884
12.882381,-30.178837,9.964602
12.900311,-18.857153,10.106369
12.900827,-16.592816,3.682672
12.908886,-16.592816,5.141673
12.927007,-16.592816,4.478948
12.944081,-19.611932,-1.768903
12.992402,-27.159721,-3.068784
12.995941,-26.404942,-3.288505
13.005790,-27.914500,-2.773649
13.011377,-25.650163,-3.430615
13.011691,-18.102374,-0.024666
13.012641,-19.611932,10.642552
13.013333,-17.347595,1.372930
13.017994,-20.366711,-2.232663
13.033560,-24.895384,-3.493696
13.040967,-28.669279,-2.406049
13.046963,-17.347595,7.461005
13.057271,-24.140605,-3.477117
13.060831,-18.102374,8.871241
13.063616,-21.121490,-2.629362
13.077278,-23.385826,-3.381044
13.085488,-21.876269,-2.955038
13.088386,-22.631048,-3.206436
13.091737,-20.366711,11.117150
13.102579,-29.424058,-1.969656
13.141806,-21.121490,11.525422
13.145110,-24.140605,12.424402
13.163982,-23.385826,12.315034
13.167343,-21.876269,11.863287
13.173089,-22.631048,12.127371
13.192951,-17.347595,2.121865
13.194679,-18.857153,-0.659362
13.195005,-30.178837,-1.468831
13.218282,-17.347595,6.707578
13.250876,-18.857153,9.513959
13.261204,-30.178837,10.515239
13.285487,-18.102374,0.655028
13.322547,-17.347595,2.894352
13.327080,-18.102374,8.184636
13.337620,-19.611932,-1.242717
13.339326,-17.347595,5.931884
13.400311,-19.611932,10.106369
13.400827,-17.347595,3.682672
13.408886,-17.347595,5.141673
13.427007,-17.347595,4.478948
13.444081,-20.366711,-1.768903
13.492402,-27.914500,-3.068784
13.495941,-27.159721,-3.288505
13.505790,-28.669279,-2.773649
13.511377,-26.404942,-3.430615
13.511691,-18.857153,-0.024666
13.512641,-20.366711,10.642552
13.513333,-18.102374,1.372930
13.517994,-21.121490,-2.232663
13.533560,-25.650163,-3.493696
13.540967,-29.424058,-2.406049
13.546963,-18.102374,7.461005
13.557271,-24.895384,-3.477117
13.560831,-18.857153,8.871241
13.563616,-21.876269,-2.629362
13.577278,-24.140605,-3.381044
13.585488,-22.631048,-2.955038
13.588386,-23.385826,-3.206436
13.591737,-21.121490,11.117150
13.602579,-30.178837,-1.969656
13.641806,-21.876269,11.525422
13.645110,-24.895384,12.424402
13.663982,-24.140605,12.315034
13.667343,-22.631048,11.863287
13.673089,-23.385826,12.127371
13.692951,-18.102374,2.121865
13.694679,-19.611932,-0.659362
13.718282,-18.102374,6.707578
13.750876,-19.611932,9.513959
13.785487,-18.857153,0.655028
13.822547,-18.102374,2.894352
13.827080,-18.857153,8.184636
13.837620,-20.366711,-1.242717
13.839326,-18.102374,5.931884
13.900311,-20.366711,10.106369
13.900827,-18.102374,3.682672
13.908886,-18.102374,5.141673
13.927007,-18.102374,4.478948
13.944081,-21.121490,-1.768903
13.992402,-28.669279,-3.068784
13.995941,-27.914500,-3.288505
14.005790,-29.424058,-2.773649
14.011377,-27.159721,-3.430615
14.011691,-19.611932,-0.024666
14.012641,-21.121490,10.642552
14.013333,-18.857153,1.372930
14.017994,-21.876269,-2.232663
14.033560,-26.404942,-3.493696
14.040967,-30.178837,-2.406049
14.046963,-18.857153,7.461005
14.057271,-25.650163,-3.477117
14.060831,-19.611932,8.871241
14.063616,-22.631048,-2.629362
14.077278,-24.895384,-3.381044
14.085488,-23.385826,-2.955038
14.088386,-24.140605,-3.206436
14.091737,-21.876269,11.117150
14.141806,-22.631048,11.525422
14.163982,-24.895384,12.315034
14.167343,-23.385826,11.863287
14.173089,-24.140605,12.127371
14.192951,-18.857153,2.121865
14.194679,-20.366711,-0.659362
14.218282,-18.857153,6.707578
14.250876,-20.366711,9.513959
14.285487,-19.611932,0.655028
14.322547,-18.857153,2.894352
14.327080,-19.611932,8.184636
14.337620,-21.121490,-1.242717
14.339326,-18.857153,5.931884
14.400311,-21.121490,10.106369
14.400827,-18.857153,3.682672
14.408886,-18.857153,5.141673
14.427007,-18.857153,4.478948
14.444081,-21.876269,-1.768903
14.492402,-29.424058,-3.068784
14.495941,-28.669279,-3.288505
14.505790,-30.178837,-2.773649
14.511377,-27.914500,-3.430615
14.511691,-20.366711,-0.024666
14.512641,-21.876269,10.642552
14.513333,-19.611932,1.372930
14.517994,-22.631048,-2.232663
14.533560,-27.159721,-3.493696
14.546963,-19.611932,7.461005
14.557271,-26.404942,-3.477117
14.560831,-20.366711,8.871241
14.563616,-23.385826,-2.629362
14.577278,-25.650163,-3.381044
14.585488,-24.140605,-2.955038
14.588386,-24.895384,-3.206436
14.591737,-22.631048,11.117150
14.641806,-23.385826,11.525422
14.667343,-24.140605,11.863287
14.673089,-24.895384,12.127371
14.692951,-19.611932,2.121865
14.694679,-21.121490,-0.659362
14.718282,-19.611932,6.707578
14.750876,-21.121490,9.513959
14.785487,-20.366711,0.655028
14.822547,-19.611932,2.894352
14.827080,-20.366711,8.184636
14.837620,-21.876269,-1.242717
14.839326,-19.611932,5.931884
14.900311,-21.876269,10.106369
14.900827,-19.611932,3.682672
14.908886,-19.611932,5.141673
14.927007,-19.611932,4.478948
14.944081,-22.631048,-1.768903
14.992402,-30.178837,-3.068784
14.995941,-29.424058,-3.288505
15.011377,-28.669279,-3.430615
15.011691,-21.121490,-0.024666
15.012641,-22.631048,10.642552
15.013333,-20.366711,1.372930
15.017994,-23.385826,-2.232663
15.033560,-27.914500,-3.493696
15.046963,-20.366711,7.461005
15.057271,-27.159721,-3.477117
15.060831,-21.121490,8.871241
15.063616,-24.140605,-2.629362
15.077278,-26.404942,-3.381044
15.085488,-24.895384,-2.955038
15.088386,-25.650163,-3.206436
15.091737,-23.385826,11.117150
15.141806,-24.140605,11.525422
15.192951,-20.366711,2.121865
15.194679,-21.876269,-0.659362
15.218282,-20.366711,6.707578
15.250876,-21.876269,9.513959
15.285487,-21.121490,0.655028
15.322547,-20.366711,2.894352
15.327080,-21.121490,8.184636
15.337620,-22.631048,-1.242717
15.339326,-20.366711,5.931884
15.400311,-22.631048,10.106369
15.400827,-20.366711,3.682672
15.408886,-20.366711,5.141673
15.427007,-20.366711,4.478948
15.444081,-23.385826,-1.768903
15.495941,-30.178837,-3.288505
15.511377,-29.424058,-3.430615
15.511691,-21.876269,-0.024666
15.512641,-23.385826,10.642552
15.513333,-21.121490,1.372930
15.517994,-24.140605,-2.232663
15.533560,-28.669279,-3.493696
15.546963,-21.121490,7.461005
15.557271,-27.914500,-3.477117
15.560831,-21.876269,8.871241
15.563616,-24.895384,-2.629362
15.577278,-27.159721,-3.381044
15.585488,-25.650163,-2.955038
15.588386,-26.404942,-3.206436
15.591737,-24.140605,11.117150
15.692951,-21.121490,2.121865
15.694679,-22.631048,-0.659362
15.718282,-21.121490,6.707578
15.750876,-22.631048,9.513959
15.785487,-21.876269,0.655028
15.822547,-21.121490,2.894352
15.827080,-21.876269,8.184636
15.837620,-23.385826,-1.242717
15.839326,-21.121490,5.931884
15.900311,-23.385826,10.106369
15.900827,-21.121490,3.682672
15.908886,-21.121490,5.141673
15.927007,-21.121490,4.478948
15.944081,-24.140605,-1.768903
16.011377,-30.178837,-3.430615
16.011691,-22.631048,-0.024666
16.013333,-21.876269,1.372930
16.017994,-24.895384,-2.232663
16.033560,-29.424058,-3.493696
16.046963,-21.876269,7.461005
16.057271,-28.669279,-3.477117
16.060831,-22.631048,8.871241
16.063616,-25.650163,-2.629362
16.077278,-27.914500,-3.381044
16.085488,-26.404942,-2.955038
16.088386,-27.159721,-3.206436
16.192951,-21.876269,2.121865
16.194679,-23.385826,-0.659362
16.218282,-21.876269,6.707578
16.250876,-23.385826,9.513959
16.285487,-22.631048,0.655028
16.322547,-21.876269,2.894352
16.337620,-24.140605,-1.242717
16.339326,-21.876269,5.931884
16.400827,-21.876269,3.682672
16.408886,-21.876269,5.141673
16.427007,-21.876269,4.478948
16.444081,-24.895384,-1.768903
16.511691,-23.385826,-0.024666
16.513333,-22.631048,1.372930
16.517994,-25.650163,-2.232663
16.533560,-30.178837,-3.493696
16.546963,-22.631048,7.461005
16.557271,-29.424058,-3.477117
16.563616,-26.404942,-2.629362
16.577278,-28.669279,-3.381044
16.585488,-27.159721,-2.955038
16.588386,-27.914500,-3.206436
16.692951,-22.631048,2.121865
16.694679,-24.140605,-0.659362
16.718282,-22.631048,6.707578
16.785487,-23.385826,0.655028
16.822547,-22.631048,2.894352
16.837620,-24.895384,-1.242717
16.900827,-22.631048,3.682672
16.908886,-22.631048,5.141673
16.944081,-25.650163,-1.768903
17.011691,-24.140605,-0.024666
17.012641,-25.650163,10.642552
17.013333,-23.385826,1.372930
17.017994,-26.404942,-2.232663
17.057271,-30.178837,-3.477117
17.063616,-27.159721,-2.629362
17.077278,-29.424058,-3.381044
17.085488,-27.914500,-2.955038
17.088386,-28.669279,-3.206436
17.192951,-23.385826,2.121865
17.194679,-24.895384,-0.659362
17.285487,-24.140605,0.655028
17.337620,-25.650163,-1.242717
17.339326,-23.385826,5.931884
17.408886,-23.385826,5.141673
17.427007,-23.385826,4.478948
17.444081,-26.404942,-1.768903
17.511691,-24.895384,-0.024666
17.512641,-26.404942,10.642552
17.513333,-24.140605,1.372930
17.517994,-27.159721,-2.232663
17.563616,-27.914500,-2.629362
17.577278,-30.178837,-3.381044
17.585488,-28.669279,-2.955038
17.588386,-29.424058,-3.206436
17.673089,-29.424058,12.127371
17.694679,-25.650163,-0.659362
17.718282,-24.140605,6.707578
17.750876,-25.650163,9.513959
17.837620,-26.404942,-1.242717
17.900311,-26.404942,10.106369
17.944081,-27.159721,-1.768903
18.011691,-25.650163,-0.024666
18.013333,-24.895384,1.372930
18.017994,-27.914500,-2.232663
18.063616,-28.669279,-2.629362
18.085488,-29.424058,-2.955038
18.088386,-30.178837,-3.206436
18.194679,-26.404942,-0.659362
18.218282,-24.895384,6.707578
18.250876,-26.404942,9.513959
18.327080,-25.650163,8.184636
18.337620,-27.159721,-1.242717
18.339326,-24.895384,5.931884
18.400827,-24.895384,3.682672
18.408886,-24.895384,5.141673
18.427007,-24.895384,4.478948
18.444081,-27.914500,-1.768903
18.511691,-26.404942,-0.024666
18.513333,-25.650163,1.372930
18.517994,-28.669279,-2.232663
18.560831,-26.404942,8.871241
18.563616,-29.424058,-2.629362
18.585488,-30.178837,-2.955038
18.591737,-28.669279,11.117150
18.694679,-27.159721,-0.659362
18.718282,-25.650163,6.707578
18.750876,-27.159721,9.513959
18.827080,-26.404942,8.184636
18.837620,-27.914500,-1.242717
18.944081,-28.669279,-1.768903
19.011691,-27.159721,-0.024666
19.013333,-26.404942,1.372930
19.017994,-29.424058,-2.232663
19.046963,-26.404942,7.461005
19.063616,-30.178837,-2.629362
19.091737,-29.424058,11.117150
19.194679,-27.914500,-0.659362
19.218282,-26.404942,6.707578
19.250876,-27.914500,9.513959
19.327080,-27.159721,8.184636
19.337620,-28.669279,-1.242717
19.444081,-29.424058,-1.768903
19.511691,-27.914500,-0.024666
19.513333,-27.159721,1.372930
19.517994,-30.178837,-2.232663
19.591737,-30.178837,11.117150
19.694679,-28.669279,-0.659362
19.718282,-27.159721,6.707578
19.750876,-28.669279,9.513959
19.827080,-27.914500,8.184636
19.837620,-29.424058,-1.242717
19.944081,-30.178837,-1.768903
20.011691,-28.669279,-0.024666
20.013333,-27.914500,1.372930
20.046963,-27.914500,7.461005
20.194679,-29.424058,-0.659362
20.218282,-27.914500,6.707578
20.250876,-29.424058,9.513959
20.327080,-28.669279,8.184636
20.337620,-30.178837,-1.242717
20.511691,-29.424058,-0.024666
20.513333,-28.669279,1.372930
20.694679,-30.178837,-0.659362
20.718282,-28.669279,6.707578
20.750876,-30.178837,9.513959
20.822547,-28.669279,2.894352
20.827080,-29.424058,8.184636
20.900827,-28.669279,3.682672
20.908886,-28.669279,5.141673
20.927007,-28.669279,4.478948
21.011691,-30.178837,-0.024666
21.013333,-29.424058,1.372930
21.046963,-29.424058,7.461005
21.218282,-29.424058,6.707578
21.513333,-30.178837,1.372930
21.718282,-30.178837,6.707578
21.839326,-30.178837,5.931884
21.908886,-30.178837,5.141673
