-24.559987,-34.290569,4.693184
-24.436841,-34.290569,5.482158
-23.996533,-34.290569,-0.674009
-23.717983,-34.290569,-1.365339
-23.630754,-32.783407,3.889444
-23.559987,-32.783407,4.693184
-23.496533,-33.536988,-0.674009
-23.411070,-32.783407,0.817940
-23.395469,-34.290569,-2.010900
-23.228334,-32.783407,0.056183
-23.217983,-33.536988,-1.365339
-23.059987,-32.029826,4.693184
-23.042916,-32.029826,1.603651
-23.032211,-34.290569,-2.604242
-22.996533,-32.783407,-0.674009
-22.895469,-33.536988,-2.010900
-22.762548,-32.029826,6.248482
-22.717983,-32.783407,-1.365339
-22.631840,-34.290569,-3.139436
-22.622555,-31.276244,2.405466
-22.538848,-32.029826,6.984501
-22.532211,-33.536988,-2.604242
-22.496533,-32.029826,-0.674009
-22.452641,-32.783407,8.336582
-22.411070,-31.276244,0.817940
-22.395469,-32.783407,-2.010900
-22.273380,-34.290569,9.967219
-22.217983,-32.029826,-1.365339
-22.201590,-33.536988,9.484496
-22.198356,-34.290569,-3.611135
-22.131840,-33.536988,-3.139436
-22.122555,-30.522663,2.405466
-22.032211,-32.783407,-2.604242
-21.996533,-31.276244,-0.674009
-21.936841,-30.522663,5.482158
-21.895469,-32.029826,-2.010900
-21.767977,-31.276244,7.682860
-21.762548,-30.522663,6.248482
-21.736091,-34.290569,-4.014626
-21.717983,-31.276244,-1.365339
-21.698356,-33.536988,-3.611135
-21.649189,-29.769082,3.215374
-21.631840,-32.783407,-3.139436
-21.622555,-29.769082,2.405466
-21.595991,-32.029826,8.939134
-21.532211,-32.029826,-2.604242
-21.496533,-30.522663,-0.674009
-21.411070,-29.769082,0.817940
-21.395469,-31.276244,-2.010900
-21.315638,-33.536988,10.382480
-21.249662,-34.290569,-4.345877
-21.236091,-33.536988,-4.014626
-21.228334,-29.769082,0.056183
-21.217983,-30.522663,-1.365339
-21.198356,-32.783407,-3.611135
-21.149189,-29.015501,3.215374
-21.131840,-32.029826,-3.139436
-21.122555,-29.015501,2.405466
-21.095991,-31.276244,8.939134
-21.042916,-29.015501,1.603651
-21.032211,-31.276244,-2.604242
-20.996533,-29.769082,-0.674009
-20.936841,-29.015501,5.482158
-20.911070,-29.015501,0.817940
-20.895469,-30.522663,-2.010900
-20.832939,-33.536988,10.726129
-20.767977,-29.769082,7.682860
-20.762548,-29.015501,6.248482
-20.749662,-33.536988,-4.345877
-20.743931,-34.290569,-4.601579
-20.736091,-32.783407,-4.014626
-20.728334,-29.015501,0.056183
-20.717983,-29.769082,-1.365339
-20.698356,-32.029826,-3.611135
-20.649189,-28.261920,3.215374
-20.631840,-31.276244,-3.139436
-20.630754,-28.261920,3.889444
-20.622555,-28.261920,2.405466
-20.595991,-30.522663,8.939134
-20.559987,-28.261920,4.693184
-20.542916,-28.261920,1.603651
-20.538848,-29.015501,6.984501
-20.532211,-30.522663,-2.604242
-20.496533,-29.015501,-0.674009
-20.452641,-29.769082,8.336582
-20.436841,-28.261920,5.482158
-20.411070,-28.261920,0.817940
-20.395469,-29.769082,-2.010900
-20.273380,-31.276244,9.967219
-20.267977,-29.015501,7.682860
-20.262548,-28.261920,6.248482
-20.249662,-32.783407,-4.345877
-20.243931,-33.536988,-4.601579
-20.236091,-32.029826,-4.014626
-20.228334,-28.261920,0.056183
-20.223951,-34.290569,-4.779176
-20.217983,-29.015501,-1.365339
-20.201590,-30.522663,9.484496
-20.198356,-31.276244,-3.611135
-20.149189,-27.508339,3.215374
-20.131840,-30.522663,-3.139436
-20.130754,-27.508339,3.889444
-20.122555,-27.508339,2.405466
-20.095991,-29.769082,8.939134
-20.059987,-27.508339,4.693184
-20.042916,-27.508339,1.603651
-20.038848,-28.261920,6.984501
-20.032211,-29.769082,-2.604242
-19.996533,-28.261920,-0.674009
-19.952641,-29.015501,8.336582
-19.936841,-27.508339,5.482158
-19.911070,-27.508339,0.817940
-19.895469,-29.015501,-2.010900
-19.832939,-32.029826,10.726129
-19.815638,-31.276244,10.382480
-19.773380,-30.522663,9.967219
-19.767977,-28.261920,7.682860
-19.762548,-27.508339,6.248482
-19.749662,-32.029826,-4.345877
-19.743931,-32.783407,-4.601579
-19.736091,-31.276244,-4.014626
-19.728334,-27.508339,0.056183
-19.723951,-33.536988,-4.779176
-19.717983,-28.261920,-1.365339
-19.701590,-29.769082,9.484496
-19.698356,-30.522663,-3.611135
-19.694916,-34.290569,-4.876894
-19.649189,-26.754758,3.215374
-19.631840,-29.769082,-3.139436
-19.630754,-26.754758,3.889444
-19.622555,-26.754758,2.405466
-19.595991,-29.015501,8.939134
-19.559987,-26.754758,4.693184
-19.542916,-26.754758,1.603651
-19.538848,-27.508339,6.984501
-19.532211,-29.015501,-2.604242
-19.496533,-27.508339,-0.674009
-19.452641,-28.261920,8.336582
-19.436841,-26.754758,5.482158
-19.411070,-26.754758,0.817940
-19.395469,-28.261920,-2.010900
-19.332939,-31.276244,10.726129
-19.330105,-32.029826,10.994734
-19.315638,-30.522663,10.382480
-19.273380,-29.769082,9.967219
-19.267977,-27.508339,7.682860
-19.262548,-26.754758,6.248482
-19.249662,-31.276244,-4.345877
-19.243931,-32.029826,-4.601579
-19.236091,-30.522663,-4.014626
-19.228334,-26.754758,0.056183
-19.223951,-32.783407,-4.779176
-19.217983,-27.508339,-1.365339
-19.201590,-29.015501,9.484496
-19.198356,-29.769082,-3.611135
-19.194916,-33.536988,-4.876894
-19.162113,-34.290569,-4.893757
-19.149189,-26.001176,3.215374
-19.131840,-29.015501,-3.139436
-19.130754,-26.001176,3.889444
-19.122555,-26.001176,2.405466
-19.095991,-28.261920,8.939134
-19.059987,-26.001176,4.693184
-19.042916,-26.001176,1.603651
-19.038848,-26.754758,6.984501
-19.032211,-28.261920,-2.604242
-18.996533,-26.754758,-0.674009
-18.952641,-27.508339,8.336582
-18.936841,-26.001176,5.482158
-18.911070,-26.001176,0.817940
-18.895469,-27.508339,-2.010900
-18.832939,-30.522663,10.726129
-18.830105,-31.276244,10.994734
-18.815638,-29.769082,10.382480
-18.812160,-32.029826,11.185610
-18.773380,-29.015501,9.967219
-18.767977,-26.754758,7.682860
-18.762548,-26.001176,6.248482
-18.749662,-30.522663,-4.345877
-18.743931,-31.276244,-4.601579
-18.736091,-29.769082,-4.014626
-18.728334,-26.001176,0.056183
-18.723951,-32.029826,-4.779176
-18.717983,-26.754758,-1.365339
-18.701590,-28.261920,9.484496
-18.698356,-29.015501,-3.611135
-18.694916,-32.783407,-4.876894
-18.662113,-33.536988,-4.893757
-18.649189,-25.247595,3.215374
-18.631840,-28.261920,-3.139436
-18.630866,-34.290569,-4.829596
-18.630754,-25.247595,3.889444
-18.622555,-25.247595,2.405466
-18.595991,-27.508339,8.939134
-18.559987,-25.247595,4.693184
-18.542916,-25.247595,1.603651
-18.538848,-26.001176,6.984501
-18.532211,-27.508339,-2.604242
-18.496533,-26.001176,-0.674009
-18.452641,-26.754758,8.336582
-18.436841,-25.247595,5.482158
-18.411070,-25.247595,0.817940
-18.395469,-26.754758,-2.010900
-18.332939,-29.769082,10.726129
-18.330105,-30.522663,10.994734
-18.315638,-29.015501,10.382480
-18.312160,-31.276244,11.185610
-18.284280,-32.029826,11.296849
-18.273380,-28.261920,9.967219
-18.267977,-26.001176,7.682860
-18.262548,-25.247595,6.248482
-18.249662,-29.769082,-4.345877
-18.243931,-30.522663,-4.601579
-18.236091,-29.015501,-4.014626
-18.228334,-25.247595,0.056183
-18.223951,-31.276244,-4.779176
-18.217983,-26.001176,-1.365339
-18.201590,-27.508339,9.484496
-18.198356,-28.261920,-3.611135
-18.194916,-32.029826,-4.876894
-18.162113,-32.783407,-4.893757
-18.149189,-24.494014,3.215374
-18.131840,-27.508339,-3.139436
-18.130866,-33.536988,-4.829596
-18.130754,-24.494014,3.889444
-18.122555,-24.494014,2.405466
-18.106482,-34.290569,-4.685053
-18.095991,-26.754758,8.939134
-18.059987,-24.494014,4.693184
-18.042916,-24.494014,1.603651
-18.038848,-25.247595,6.984501
-18.032211,-26.754758,-2.604242
-17.996533,-25.247595,-0.674009
-17.952641,-26.001176,8.336582
-17.936841,-24.494014,5.482158
-17.911070,-24.494014,0.817940
-17.895469,-26.001176,-2.010900
-17.832939,-29.015501,10.726129
-17.830105,-29.769082,10.994734
-17.815638,-28.261920,10.382480
-17.812160,-30.522663,11.185610
-17.784280,-31.276244,11.296849
-17.773380,-27.508339,9.967219
-17.767977,-25.247595,7.682860
-17.762548,-24.494014,6.248482
-17.751739,-32.029826,11.327342
-17.749662,-29.015501,-4.345877
-17.743931,-29.769082,-4.601579
-17.736091,-28.261920,-4.014626
-17.728334,-24.494014,0.056183
-17.723951,-30.522663,-4.779176
-17.717983,-25.247595,-1.365339
-17.701590,-26.754758,9.484496
-17.698356,-27.508339,-3.611135
-17.694916,-31.276244,-4.876894
-17.693950,-33.536988,11.145675
-17.679273,-34.290569,10.935332
-17.662113,-32.029826,-4.893757
-17.649189,-23.740433,3.215374
-17.631840,-26.754758,-3.139436
-17.630866,-32.783407,-4.829596
-17.630754,-23.740433,3.889444
-17.622555,-23.740433,2.405466
-17.606482,-33.536988,-4.685053
-17.595991,-26.001176,8.939134
-17.594201,-34.290569,-4.461571
-17.559987,-23.740433,4.693184
-17.542916,-23.740433,1.603651
-17.538848,-24.494014,6.984501
-17.532211,-26.001176,-2.604242
-17.496533,-24.494014,-0.674009
-17.452641,-25.247595,8.336582
-17.436841,-23.740433,5.482158
-17.411070,-23.740433,0.817940
-17.395469,-25.247595,-2.010900
-17.332939,-28.261920,10.726129
-17.330105,-29.015501,10.994734
-17.315638,-27.508339,10.382480
-17.312160,-29.769082,11.185610
-17.284280,-30.522663,11.296849
-17.273380,-26.754758,9.967219
-17.267977,-24.494014,7.682860
-17.262548,-23.740433,6.248482
-17.251739,-31.276244,11.327342
-17.249662,-28.261920,-4.345877
-17.243931,-29.015501,-4.601579
-17.236091,-27.508339,-4.014626
-17.228334,-23.740433,0.056183
-17.223951,-29.769082,-4.779176
-17.217983,-24.494014,-1.365339
-17.201590,-26.001176,9.484496
-17.198356,-26.754758,-3.611135
-17.194916,-30.522663,-4.876894
-17.193950,-32.783407,11.145675
-17.179273,-33.536988,10.935332
-17.162113,-31.276244,-4.893757
-17.149189,-22.986852,3.215374
-17.131840,-26.001176,-3.139436
-17.130866,-32.029826,-4.829596
-17.130754,-22.986852,3.889444
-17.122555,-22.986852,2.405466
-17.106482,-32.783407,-4.685053
-17.099142,-34.290569,-4.161383
-17.095991,-25.247595,8.939134
-17.094201,-33.536988,-4.461571
-17.059987,-22.986852,4.693184
-17.042916,-22.986852,1.603651
-17.038848,-23.740433,6.984501
-17.032211,-25.247595,-2.604242
-16.996533,-23.740433,-0.674009
-16.952641,-24.494014,8.336582
-16.936841,-22.986852,5.482158
-16.911070,-22.986852,0.817940
-16.895469,-24.494014,-2.010900
-16.832939,-27.508339,10.726129
-16.830105,-28.261920,10.994734
-16.815638,-26.754758,10.382480
-16.812160,-29.015501,11.185610
-16.784280,-29.769082,11.296849
-16.773380,-26.001176,9.967219
-16.767977,-23.740433,7.682860
-16.762548,-22.986852,6.248482
-16.751739,-30.522663,11.327342
-16.749662,-27.508339,-4.345877
-16.743931,-28.261920,-4.601579
-16.736091,-26.754758,-4.014626
-16.728334,-22.986852,0.056183
-16.723951,-29.015501,-4.779176
-16.719857,-31.276244,11.276782
-16.717983,-23.740433,-1.365339
-16.701590,-25.247595,9.484496
-16.698356,-26.001176,-3.611135
-16.694916,-29.769082,-4.876894
-16.693950,-32.029826,11.145675
-16.679273,-32.783407,10.935332
-16.662113,-30.522663,-4.893757
-16.649189,-22.233271,3.215374
-16.631840,-25.247595,-3.139436
-16.630866,-31.276244,-4.829596
-16.630754,-22.233271,3.889444
-16.626250,-34.290569,-3.787490
-16.622555,-22.233271,2.405466
-16.606482,-32.029826,-4.685053
-16.599142,-33.536988,-4.161383
-16.595991,-24.494014,8.939134
-16.594201,-32.783407,-4.461571
-16.559987,-22.233271,4.693184
-16.542916,-22.233271,1.603651
-16.538848,-22.986852,6.984501
-16.532211,-24.494014,-2.604242
-16.496533,-22.986852,-0.674009
-16.452641,-23.740433,8.336582
-16.436841,-22.233271,5.482158
-16.411070,-22.233271,0.817940
-16.395469,-23.740433,-2.010900
-16.332939,-26.754758,10.726129
-16.330105,-27.508339,10.994734
-16.315638,-26.001176,10.382480
-16.312160,-28.261920,11.185610
-16.284280,-29.015501,11.296849
-16.273380,-25.247595,9.967219
-16.267977,-22.986852,7.682860
-16.262548,-22.233271,6.248482
-16.251739,-29.769082,11.327342
-16.249662,-26.754758,-4.345877
-16.243931,-27.508339,-4.601579
-16.236091,-26.001176,-4.014626
-16.228334,-22.233271,0.056183
-16.223951,-28.261920,-4.779176
-16.219857,-30.522663,11.276782
-16.217983,-22.986852,-1.365339
-16.201590,-24.494014,9.484496
-16.198356,-25.247595,-3.611135
-16.194916,-29.015501,-4.876894
-16.180252,-34.290569,-3.343626
-16.179273,-32.029826,10.935332
-16.162113,-29.769082,-4.893757
-16.149189,-21.479689,3.215374
-16.131840,-24.494014,-3.139436
-16.130866,-30.522663,-4.829596
-16.130754,-21.479689,3.889444
-16.126250,-33.536988,-3.787490
-16.122555,-21.479689,2.405466
-16.106482,-31.276244,-4.685053
-16.099142,-32.783407,-4.161383
-16.095991,-23.740433,8.939134
-16.094201,-32.029826,-4.461571
-16.059987,-21.479689,4.693184
-16.042916,-21.479689,1.603651
-16.038848,-22.233271,6.984501
-16.032211,-23.740433,-2.604242
-15.996533,-22.233271,-0.674009
-15.952641,-22.986852,8.336582
-15.936841,-21.479689,5.482158
-15.911070,-21.479689,0.817940
-15.895469,-22.986852,-2.010900
-15.832939,-26.001176,10.726129
-15.830105,-26.754758,10.994734
-15.815638,-25.247595,10.382480
-15.812160,-27.508339,11.185610
-15.784280,-28.261920,11.296849
-15.773380,-24.494014,9.967219
-15.767977,-22.233271,7.682860
-15.765602,-34.290569,-2.834227
-15.762548,-21.479689,6.248482
-15.751739,-29.015501,11.327342
-15.749662,-26.001176,-4.345877
-15.743931,-26.754758,-4.601579
-15.736091,-25.247595,-4.014626
-15.728334,-21.479689,0.056183
-15.723951,-27.508339,-4.779176
-15.719857,-29.769082,11.276782
-15.717983,-22.233271,-1.365339
-15.701590,-23.740433,9.484496
-15.698356,-24.494014,-3.611135
-15.694916,-28.261920,-4.876894
-15.693950,-30.522663,11.145675
-15.680252,-33.536988,-3.343626
-15.679273,-31.276244,10.935332
-15.662113,-29.015501,-4.893757
-15.649189,-20.726108,3.215374
-15.631840,-23.740433,-3.139436
-15.630866,-29.769082,-4.829596
-15.630754,-20.726108,3.889444
-15.626250,-32.783407,-3.787490
-15.622555,-20.726108,2.405466
-15.606482,-30.522663,-4.685053
-15.599142,-32.029826,-4.161383
-15.595991,-22.986852,8.939134
-15.594201,-31.276244,-4.461571
-15.559987,-20.726108,4.693184
-15.542916,-20.726108,1.603651
-15.538848,-21.479689,6.984501
-15.532211,-22.986852,-2.604242
-15.496533,-21.479689,-0.674009
-15.452641,-22.233271,8.336582
-15.436841,-20.726108,5.482158
-15.411070,-20.726108,0.817940
-15.395469,-22.233271,-2.010900
-15.386445,-34.290569,-2.264382
-15.332951,-33.536988,9.355003
-15.332939,-25.247595,10.726129
-15.330105,-26.001176,10.994734
-15.315638,-24.494014,10.382480
-15.312160,-26.754758,11.185610
-15.284280,-27.508339,11.296849
-15.273380,-23.740433,9.967219
-15.267977,-21.479689,7.682860
-15.265602,-33.536988,-2.834227
-15.262548,-20.726108,6.248482
-15.251739,-28.261920,11.327342
-15.249662,-25.247595,-4.345877
-15.243931,-26.001176,-4.601579
-15.236091,-24.494014,-4.014626
-15.228334,-20.726108,0.056183
-15.223951,-26.754758,-4.779176
-15.219857,-29.015501,11.276782
-15.217983,-21.479689,-1.365339
-15.201590,-22.986852,9.484496
-15.198356,-23.740433,-3.611135
-15.194916,-27.508339,-4.876894
-15.193950,-29.769082,11.145675
-15.180252,-32.783407,-3.343626
-15.179273,-30.522663,10.935332
-15.162113,-28.261920,-4.893757
-15.149189,-19.972527,3.215374
-15.131840,-22.986852,-3.139436
-15.130866,-29.015501,-4.829596
-15.130754,-19.972527,3.889444
-15.126250,-32.029826,-3.787490
-15.122555,-19.972527,2.405466
-15.106482,-29.769082,-4.685053
-15.100821,-34.290569,8.179126
-15.099142,-31.276244,-4.161383
-15.095991,-22.233271,8.939134
-15.094201,-30.522663,-4.461571
-15.059987,-19.972527,4.693184
-15.046569,-34.290569,-1.639785
-15.042916,-19.972527,1.603651
-15.038848,-20.726108,6.984501
-15.032211,-22.233271,-2.604242
-14.996533,-20.726108,-0.674009
-14.952641,-21.479689,8.336582
-14.936841,-19.972527,5.482158
-14.911070,-19.972527,0.817940
-14.895469,-21.479689,-2.010900
-14.886445,-33.536988,-2.264382
-14.832951,-32.783407,9.355003
-14.832939,-24.494014,10.726129
-14.830105,-25.247595,10.994734
-14.815638,-23.740433,10.382480
-14.812160,-26.001176,11.185610
-14.796226,-34.290569,7.513718
-14.784280,-26.754758,11.296849
-14.773380,-22.986852,9.967219
-14.767977,-20.726108,7.682860
-14.765602,-32.783407,-2.834227
-14.762548,-19.972527,6.248482
-14.751739,-27.508339,11.327342
-14.749662,-24.494014,-4.345877
-14.749369,-34.290569,-0.966677
-14.743931,-25.247595,-4.601579
-14.736091,-23.740433,-4.014626
-14.728334,-19.972527,0.056183
-14.723951,-26.001176,-4.779176
-14.719857,-28.261920,11.276782
-14.717983,-20.726108,-1.365339
-14.701590,-22.233271,9.484496
-14.698356,-22.986852,-3.611135
-14.694916,-26.754758,-4.876894
-14.693950,-29.015501,11.145675
-14.680966,-30.522663,10.647853
-14.680252,-32.029826,-3.343626
-14.679273,-29.769082,10.935332
-14.662113,-27.508339,-4.893757
-14.649189,-19.218946,3.215374
-14.631840,-22.233271,-3.139436
-14.630866,-28.261920,-4.829596
-14.630754,-19.218946,3.889444
-14.626250,-31.276244,-3.787490
-14.622555,-19.218946,2.405466
-14.606482,-29.015501,-4.685053
-14.599142,-30.522663,-4.161383
-14.595991,-21.479689,8.939134
-14.594201,-29.769082,-4.461571
-14.559987,-19.218946,4.693184
-14.546569,-33.536988,-1.639785
-14.542916,-19.218946,1.603651
-14.538848,-19.972527,6.984501
-14.536808,-34.290569,6.805361
-14.532211,-21.479689,-2.604242
-14.497816,-34.290569,-0.251784
-14.496533,-19.972527,-0.674009
-14.452641,-20.726108,8.336582
-14.436841,-19.218946,5.482158
-14.411070,-19.218946,0.817940
-14.395469,-20.726108,-2.010900
-14.386445,-32.783407,-2.264382
-14.332951,-32.029826,9.355003
-14.332939,-23.740433,10.726129
-14.330105,-24.494014,10.994734
-14.325161,-34.290569,6.061135
-14.315638,-22.986852,10.382480
-14.312160,-25.247595,11.185610
-14.284280,-26.001176,11.296849
-14.273380,-22.233271,9.967219
-14.267977,-19.972527,7.682860
-14.265602,-32.029826,-2.834227
-14.262548,-19.218946,6.248482
-14.251739,-26.754758,11.327342
-14.249662,-23.740433,-4.345877
-14.249369,-33.536988,-0.966677
-14.243931,-24.494014,-4.601579
-14.236091,-22.986852,-4.014626
-14.228334,-19.218946,0.056183
-14.223951,-25.247595,-4.779176
-14.219857,-27.508339,11.276782
-14.217983,-19.972527,-1.365339
-14.201590,-21.479689,9.484496
-14.198356,-22.233271,-3.611135
-14.194916,-26.001176,-4.876894
-14.193950,-28.261920,11.145675
-14.180966,-29.769082,10.647853
-14.180252,-31.276244,-3.343626
-14.179273,-29.015501,10.935332
-14.163398,-34.290569,5.288474
-14.162113,-26.754758,-4.893757
-14.149189,-18.465365,3.215374
-14.141219,-34.290569,1.274442
-14.131840,-21.479689,-3.139436
-14.130866,-27.508339,-4.829596
-14.130754,-18.465365,3.889444
-14.126250,-30.522663,-3.787490
-14.122555,-18.465365,2.405466
-14.106482,-28.261920,-4.685053
-14.099142,-29.769082,-4.161383
-14.095991,-20.726108,8.939134
-14.094201,-29.015501,-4.461571
-14.059987,-18.465365,4.693184
-14.046569,-32.783407,-1.639785
-14.042916,-18.465365,1.603651
-14.038848,-19.218946,6.984501
-14.032211,-20.726108,-2.604242
-13.997816,-33.536988,-0.251784
-13.996533,-19.218946,-0.674009
-13.952641,-19.972527,8.336582
-13.936841,-18.465365,5.482158
-13.911070,-18.465365,0.817940
-13.895469,-19.972527,-2.010900
-13.886445,-32.029826,-2.264382
-13.832939,-22.986852,10.726129
-13.830105,-23.740433,10.994734
-13.815638,-22.233271,10.382480
-13.812160,-24.494014,11.185610
-13.784280,-25.247595,11.296849
-13.773380,-21.479689,9.967219
-13.767977,-19.218946,7.682860
-13.765602,-31.276244,-2.834227
-13.762548,-18.465365,6.248482
-13.751739,-26.001176,11.327342
-13.749662,-22.986852,-4.345877
-13.749369,-32.783407,-0.966677
-13.743931,-23.740433,-4.601579
-13.736091,-22.233271,-4.014626
-13.728334,-18.465365,0.056183
-13.723951,-24.494014,-4.779176
-13.719857,-26.754758,11.276782
-13.717983,-19.218946,-1.365339
-13.704010,-29.769082,10.286111
-13.701590,-20.726108,9.484496
-13.698356,-21.479689,-3.611135
-13.694916,-25.247595,-4.876894
-13.693950,-27.508339,11.145675
-13.680966,-29.015501,10.647853
-13.680252,-30.522663,-3.343626
-13.679273,-28.261920,10.935332
-13.662113,-26.001176,-4.893757
-13.649189,-17.711784,3.215374
-13.641219,-33.536988,1.274442
-13.631840,-20.726108,-3.139436
-13.630866,-26.754758,-4.829596
-13.630754,-17.711784,3.889444
-13.626250,-29.769082,-3.787490
-13.622555,-17.711784,2.405466
-13.606482,-27.508339,-4.685053
-13.600821,-32.029826,8.179126
-13.599142,-29.015501,-4.161383
-13.595991,-19.972527,8.939134
-13.594201,-28.261920,-4.461571
-13.559987,-17.711784,4.693184
-13.553136,-33.536988,4.495100
-13.546569,-32.029826,-1.639785
-13.542916,-17.711784,1.603651
-13.538848,-18.465365,6.984501
-13.532211,-19.972527,-2.604242
-13.497816,-32.783407,-0.251784
-13.496533,-18.465365,-0.674009
-13.495477,-33.536988,3.688940
-13.452641,-19.218946,8.336582
-13.436841,-17.711784,5.482158
-13.411070,-17.711784,0.817940
-13.395469,-19.218946,-2.010900
-13.386445,-31.276244,-2.264382
-13.332939,-22.233271,10.726129
-13.330105,-22.986852,10.994734
-13.325161,-32.783407,6.061135
-13.315638,-21.479689,10.382480
-13.312160,-23.740433,11.185610
-13.284280,-24.494014,11.296849
-13.273380,-20.726108,9.967219
-13.267977,-18.465365,7.682860
-13.265602,-30.522663,-2.834227
-13.262548,-17.711784,6.248482
-13.253170,-29.769082,9.853721
-13.251739,-25.247595,11.327342
-13.249662,-22.233271,-4.345877
-13.249369,-32.029826,-0.966677
-13.243931,-22.986852,-4.601579
-13.236091,-21.479689,-4.014626
-13.228334,-17.711784,0.056183
-13.223951,-23.740433,-4.779176
-13.219857,-26.001176,11.276782
-13.217983,-18.465365,-1.365339
-13.204010,-29.015501,10.286111
-13.201590,-19.972527,9.484496
-13.198356,-20.726108,-3.611135
-13.194916,-24.494014,-4.876894
-13.193950,-26.754758,11.145675
-13.180966,-28.261920,10.647853
-13.180252,-29.769082,-3.343626
-13.179273,-27.508339,10.935332
-13.163398,-32.783407,5.288474
-13.162113,-25.247595,-4.893757
-13.149189,-16.958203,3.215374
-13.141219,-32.783407,1.274442
-13.131840,-19.972527,-3.139436
-13.130866,-26.001176,-4.829596
-13.130754,-16.958203,3.889444
-13.126250,-29.015501,-3.787490
-13.122555,-16.958203,2.405466
-13.106482,-26.754758,-4.685053
-13.099142,-28.261920,-4.161383
-13.095991,-19.218946,8.939134
-13.094201,-27.508339,-4.461571
-13.059987,-16.958203,4.693184
-13.046569,-31.276244,-1.639785
-13.042916,-16.958203,1.603651
-13.039740,-32.783407,2.070525
-13.038848,-17.711784,6.984501
-13.032211,-19.218946,-2.604242
-12.997816,-32.029826,-0.251784
-12.996533,-17.711784,-0.674009
-12.952641,-18.465365,8.336582
-12.936841,-16.958203,5.482158
-12.911070,-16.958203,0.817940
-12.895469,-18.465365,-2.010900
-12.886445,-30.522663,-2.264382
-12.832951,-29.769082,9.355003
-12.832939,-21.479689,10.726129
-12.830105,-22.233271,10.994734
-12.815638,-20.726108,10.382480
-12.812160,-22.986852,11.185610
-12.794422,-32.029826,0.497752
-12.784280,-23.740433,11.296849
-12.773380,-19.972527,9.967219
-12.767977,-17.711784,7.682860
-12.765602,-29.769082,-2.834227
-12.762548,-16.958203,6.248482
-12.753170,-29.015501,9.853721
-12.751739,-24.494014,11.327342
-12.749662,-21.479689,-4.345877
-12.749369,-31.276244,-0.966677
-12.743931,-22.233271,-4.601579
-12.736091,-20.726108,-4.014626
-12.728334,-16.958203,0.056183
-12.723951,-22.986852,-4.779176
-12.719857,-25.247595,11.276782
-12.717983,-17.711784,-1.365339
-12.704010,-28.261920,10.286111
-12.701590,-19.218946,9.484496
-12.698356,-19.972527,-3.611135
-12.694916,-23.740433,-4.876894
-12.693950,-26.001176,11.145675
-12.680966,-27.508339,10.647853
-12.680252,-29.015501,-3.343626
-12.679273,-26.754758,10.935332
-12.662113,-24.494014,-4.893757
-12.631840,-19.218946,-3.139436
-12.630866,-25.247595,-4.829596
-12.626250,-28.261920,-3.787490
-12.606482,-26.001176,-4.685053
-12.599142,-27.508339,-4.161383
-12.595991,-18.465365,8.939134
-12.594201,-26.754758,-4.461571
-12.553136,-32.029826,4.495100
-12.546569,-30.522663,-1.639785
-12.538848,-16.958203,6.984501
-12.532211,-18.465365,-2.604242
-12.497816,-31.276244,-0.251784
-12.496533,-16.958203,-0.674009
-12.495477,-32.029826,3.688940
-12.452641,-17.711784,8.336582
-12.447551,-29.769082,8.794939
-12.395469,-17.711784,-2.010900
-12.386445,-29.769082,-2.264382
-12.332951,-29.015501,9.355003
-12.332939,-20.726108,10.726129
-12.330105,-21.479689,10.994734
-12.315638,-19.972527,10.382480
-12.312160,-22.233271,11.185610
-12.294422,-31.276244,0.497752
-12.284280,-22.986852,11.296849
-12.273380,-19.218946,9.967219
-12.267977,-16.958203,7.682860
-12.265602,-29.015501,-2.834227
-12.253170,-28.261920,9.853721
-12.251739,-23.740433,11.327342
-12.249662,-20.726108,-4.345877
-12.249369,-30.522663,-0.966677
-12.243931,-21.479689,-4.601579
-12.236091,-19.972527,-4.014626
-12.223951,-22.233271,-4.779176
-12.219857,-24.494014,11.276782
-12.217983,-16.958203,-1.365339
-12.204010,-27.508339,10.286111
-12.201590,-18.465365,9.484496
-12.198356,-19.218946,-3.611135
-12.194916,-22.986852,-4.876894
-12.193950,-25.247595,11.145675
-12.180966,-26.754758,10.647853
-12.180252,-28.261920,-3.343626
-12.179273,-26.001176,10.935332
-12.163398,-31.276244,5.288474
-12.162113,-23.740433,-4.893757
-12.141219,-31.276244,1.274442
-12.131840,-18.465365,-3.139436
-12.130866,-24.494014,-4.829596
-12.126250,-27.508339,-3.787490
-12.106482,-25.247595,-4.685053
-12.100821,-29.769082,8.179126
-12.099142,-26.754758,-4.161383
-12.095991,-17.711784,8.939134
-12.094201,-26.001176,-4.461571
-12.046569,-29.769082,-1.639785
-12.039740,-31.276244,2.070525
-12.036808,-30.522663,6.805361
-12.032211,-17.711784,-2.604242
-11.997816,-30.522663,-0.251784
-11.990997,-31.276244,2.878047
-11.952641,-16.958203,8.336582
-11.947551,-29.015501,8.794939
-11.895469,-16.958203,-2.010900
-11.886445,-29.015501,-2.264382
-11.832951,-28.261920,9.355003
-11.832939,-19.972527,10.726129
-11.830105,-20.726108,10.994734
-11.825161,-30.522663,6.061135
-11.815638,-19.218946,10.382480
-11.812160,-21.479689,11.185610
-11.796226,-29.769082,7.513718
-11.794422,-30.522663,0.497752
-11.784280,-22.233271,11.296849
-11.773380,-18.465365,9.967219
-11.765602,-28.261920,-2.834227
-11.753170,-27.508339,9.853721
-11.751739,-22.986852,11.327342
-11.749662,-19.972527,-4.345877
-11.749369,-29.769082,-0.966677
-11.743931,-20.726108,-4.601579
-11.736091,-19.218946,-4.014626
-11.723951,-21.479689,-4.779176
-11.719857,-23.740433,11.276782
-11.704010,-26.754758,10.286111
-11.701590,-17.711784,9.484496
-11.698356,-18.465365,-3.611135
-11.694916,-22.233271,-4.876894
-11.693950,-24.494014,11.145675
-11.680966,-26.001176,10.647853
-11.680252,-27.508339,-3.343626
-11.679273,-25.247595,10.935332
-11.663398,-30.522663,5.288474
-11.662113,-22.986852,-4.893757
-11.641219,-30.522663,1.274442
-11.631840,-17.711784,-3.139436
-11.630866,-23.740433,-4.829596
-11.626250,-26.754758,-3.787490
-11.606482,-24.494014,-4.685053
-11.600821,-29.015501,8.179126
-11.599142,-26.001176,-4.161383
-11.595991,-16.958203,8.939134
-11.594201,-25.247595,-4.461571
-11.553136,-30.522663,4.495100
-11.546569,-29.015501,-1.639785
-11.539740,-30.522663,2.070525
-11.536808,-29.769082,6.805361
-11.532211,-16.958203,-2.604242
-11.497816,-29.769082,-0.251784
-11.495477,-30.522663,3.688940
-11.490997,-30.522663,2.878047
-11.447551,-28.261920,8.794939
-11.386445,-28.261920,-2.264382
-11.332951,-27.508339,9.355003
-11.332939,-19.218946,10.726129
-11.330105,-19.972527,10.994734
-11.325161,-29.769082,6.061135
-11.315638,-18.465365,10.382480
-11.312160,-20.726108,11.185610
-11.296226,-29.015501,7.513718
-11.294422,-29.769082,0.497752
-11.284280,-21.479689,11.296849
-11.273380,-17.711784,9.967219
-11.265602,-27.508339,-2.834227
-11.253170,-26.754758,9.853721
-11.251739,-22.233271,11.327342
-11.249662,-19.218946,-4.345877
-11.249369,-29.015501,-0.966677
-11.243931,-19.972527,-4.601579
-11.236091,-18.465365,-4.014626
-11.223951,-20.726108,-4.779176
-11.219857,-22.986852,11.276782
-11.204010,-26.001176,10.286111
-11.201590,-16.958203,9.484496
-11.198356,-17.711784,-3.611135
-11.194916,-21.479689,-4.876894
-11.193950,-23.740433,11.145675
-11.180966,-25.247595,10.647853
-11.180252,-26.754758,-3.343626
-11.179273,-24.494014,10.935332
-11.163398,-29.769082,5.288474
-11.162113,-22.233271,-4.893757
-11.141219,-29.769082,1.274442
-11.131840,-16.958203,-3.139436
-11.130866,-22.986852,-4.829596
-11.126250,-26.001176,-3.787490
-11.106482,-23.740433,-4.685053
-11.100821,-28.261920,8.179126
-11.099142,-25.247595,-4.161383
-11.094201,-24.494014,-4.461571
-11.053136,-29.769082,4.495100
-11.046569,-28.261920,-1.639785
-11.039740,-29.769082,2.070525
-11.036808,-29.015501,6.805361
-10.997816,-29.015501,-0.251784
-10.995477,-29.769082,3.688940
-10.990997,-29.769082,2.878047
-10.947551,-27.508339,8.794939
-10.886445,-27.508339,-2.264382
-10.832951,-26.754758,9.355003
-10.832939,-18.465365,10.726129
-10.830105,-19.218946,10.994734
-10.825161,-29.015501,6.061135
-10.815638,-17.711784,10.382480
-10.812160,-19.972527,11.185610
-10.796226,-28.261920,7.513718
-10.794422,-29.015501,0.497752
-10.784280,-20.726108,11.296849
-10.773380,-16.958203,9.967219
-10.765602,-26.754758,-2.834227
-10.753170,-26.001176,9.853721
-10.751739,-21.479689,11.327342
-10.749662,-18.465365,-4.345877
-10.749369,-28.261920,-0.966677
-10.743931,-19.218946,-4.601579
-10.736091,-17.711784,-4.014626
-10.723951,-19.972527,-4.779176
-10.719857,-22.233271,11.276782
-10.704010,-25.247595,10.286111
-10.698356,-16.958203,-3.611135
-10.694916,-20.726108,-4.876894
-10.693950,-22.986852,11.145675
-10.680966,-24.494014,10.647853
-10.680252,-26.001176,-3.343626
-10.679273,-23.740433,10.935332
-10.663398,-29.015501,5.288474
-10.662113,-21.479689,-4.893757
-10.641219,-29.015501,1.274442
-10.630866,-22.233271,-4.829596
-10.626250,-25.247595,-3.787490
-10.606482,-22.986852,-4.685053
-10.600821,-27.508339,8.179126
-10.599142,-24.494014,-4.161383
-10.594201,-23.740433,-4.461571
-10.553136,-29.015501,4.495100
-10.546569,-27.508339,-1.639785
-10.539740,-29.015501,2.070525
-10.536808,-28.261920,6.805361
-10.497816,-28.261920,-0.251784
-10.495477,-29.015501,3.688940
-10.490997,-29.015501,2.878047
-10.447551,-26.754758,8.794939
-10.386445,-26.754758,-2.264382
-10.332951,-26.001176,9.355003
-10.332939,-17.711784,10.726129
-10.330105,-18.465365,10.994734
-10.325161,-28.261920,6.061135
-10.315638,-16.958203,10.382480
-10.312160,-19.218946,11.185610
-10.296226,-27.508339,7.513718
-10.294422,-28.261920,0.497752
-10.284280,-19.972527,11.296849
-10.265602,-26.001176,-2.834227
-10.253170,-25.247595,9.853721
-10.251739,-20.726108,11.327342
-10.249662,-17.711784,-4.345877
-10.249369,-27.508339,-0.966677
-10.243931,-18.465365,-4.601579
-10.236091,-16.958203,-4.014626
-10.223951,-19.218946,-4.779176
-10.219857,-21.479689,11.276782
-10.204010,-24.494014,10.286111
-10.194916,-19.972527,-4.876894
-10.193950,-22.233271,11.145675
-10.180966,-23.740433,10.647853
-10.180252,-25.247595,-3.343626
-10.179273,-22.986852,10.935332
-10.163398,-28.261920,5.288474
-10.162113,-20.726108,-4.893757
-10.141219,-28.261920,1.274442
-10.130866,-21.479689,-4.829596
-10.126250,-24.494014,-3.787490
-10.106482,-22.233271,-4.685053
-10.100821,-26.754758,8.179126
-10.099142,-23.740433,-4.161383
-10.094201,-22.986852,-4.461571
-10.053136,-28.261920,4.495100
-10.046569,-26.754758,-1.639785
-10.039740,-28.261920,2.070525
-10.036808,-27.508339,6.805361
-9.997816,-27.508339,-0.251784
-9.995477,-28.261920,3.688940
-9.990997,-28.261920,2.878047
-9.947551,-26.001176,8.794939
-9.886445,-26.001176,-2.264382
-9.832951,-25.247595,9.355003
-9.832939,-16.958203,10.726129
-9.830105,-17.711784,10.994734
-9.825161,-27.508339,6.061135
-9.812160,-18.465365,11.185610
-9.796226,-26.754758,7.513718
-9.794422,-27.508339,0.497752
-9.784280,-19.218946,11.296849
-9.765602,-25.247595,-2.834227
-9.753170,-24.494014,9.853721
-9.751739,-19.972527,11.327342
-9.749662,-16.958203,-4.345877
-9.749369,-26.754758,-0.966677
-9.743931,-17.711784,-4.601579
-9.723951,-18.465365,-4.779176
-9.719857,-20.726108,11.276782
-9.704010,-23.740433,10.286111
-9.694916,-19.218946,-4.876894
-9.693950,-21.479689,11.145675
-9.680966,-22.986852,10.647853
-9.680252,-24.494014,-3.343626
-9.679273,-22.233271,10.935332
-9.663398,-27.508339,5.288474
-9.662113,-19.972527,-4.893757
-9.641219,-27.508339,1.274442
-9.630866,-20.726108,-4.829596
-9.626250,-23.740433,-3.787490
-9.606482,-21.479689,-4.685053
-9.600821,-26.001176,8.179126
-9.599142,-22.986852,-4.161383
-9.594201,-22.233271,-4.461571
-9.553136,-27.508339,4.495100
-9.546569,-26.001176,-1.639785
-9.539740,-27.508339,2.070525
-9.536808,-26.754758,6.805361
-9.497816,-26.754758,-0.251784
-9.495477,-27.508339,3.688940
-9.490997,-27.508339,2.878047
-9.447551,-25.247595,8.794939
-9.386445,-25.247595,-2.264382
-9.332951,-24.494014,9.355003
-9.330105,-16.958203,10.994734
-9.325161,-26.754758,6.061135
-9.312160,-17.711784,11.185610
-9.296226,-26.001176,7.513718
-9.294422,-26.754758,0.497752
-9.284280,-18.465365,11.296849
-9.265602,-24.494014,-2.834227
-9.253170,-23.740433,9.853721
-9.251739,-19.218946,11.327342
-9.249369,-26.001176,-0.966677
-9.243931,-16.958203,-4.601579
-9.223951,-17.711784,-4.779176
-9.219857,-19.972527,11.276782
-9.204010,-22.986852,10.286111
-9.194916,-18.465365,-4.876894
-9.193950,-20.726108,11.145675
-9.180966,-22.233271,10.647853
-9.180252,-23.740433,-3.343626
-9.179273,-21.479689,10.935332
-9.163398,-26.754758,5.288474
-9.162113,-19.218946,-4.893757
-9.141219,-26.754758,1.274442
-9.130866,-19.972527,-4.829596
-9.126250,-22.986852,-3.787490
-9.106482,-20.726108,-4.685053
-9.100821,-25.247595,8.179126
-9.099142,-22.233271,-4.161383
-9.094201,-21.479689,-4.461571
-9.053136,-26.754758,4.495100
-9.046569,-25.247595,-1.639785
-9.039740,-26.754758,2.070525
-9.036808,-26.001176,6.805361
-8.997816,-26.001176,-0.251784
-8.995477,-26.754758,3.688940
-8.990997,-26.754758,2.878047
-8.947551,-24.494014,8.794939
-8.886445,-24.494014,-2.264382
-8.832951,-23.740433,9.355003
-8.825161,-26.001176,6.061135
-8.812160,-16.958203,11.185610
-8.796226,-25.247595,7.513718
-8.794422,-26.001176,0.497752
-8.784280,-17.711784,11.296849
-8.765602,-23.740433,-2.834227
-8.753170,-22.986852,9.853721
-8.751739,-18.465365,11.327342
-8.749369,-25.247595,-0.966677
-8.723951,-16.958203,-4.779176
-8.719857,-19.218946,11.276782
-8.704010,-22.233271,10.286111
-8.694916,-17.711784,-4.876894
-8.693950,-19.972527,11.145675
-8.680966,-21.479689,10.647853
-8.680252,-22.986852,-3.343626
-8.679273,-20.726108,10.935332
-8.663398,-26.001176,5.288474
-8.662113,-18.465365,-4.893757
-8.641219,-26.001176,1.274442
-8.630866,-19.218946,-4.829596
-8.626250,-22.233271,-3.787490
-8.606482,-19.972527,-4.685053
-8.600821,-24.494014,8.179126
-8.599142,-21.479689,-4.161383
-8.594201,-20.726108,-4.461571
-8.553136,-26.001176,4.495100
-8.546569,-24.494014,-1.639785
-8.539740,-26.001176,2.070525
-8.536808,-25.247595,6.805361
-8.497816,-25.247595,-0.251784
-8.495477,-26.001176,3.688940
-8.490997,-26.001176,2.878047
-8.447551,-23.740433,8.794939
-8.386445,-23.740433,-2.264382
-8.332951,-22.986852,9.355003
-8.325161,-25.247595,6.061135
-8.296226,-24.494014,7.513718
-8.294422,-25.247595,0.497752
-8.284280,-16.958203,11.296849
-8.265602,-22.986852,-2.834227
-8.253170,-22.233271,9.853721
-8.251739,-17.711784,11.327342
-8.249369,-24.494014,-0.966677
-8.219857,-18.465365,11.276782
-8.204010,-21.479689,10.286111
-8.194916,-16.958203,-4.876894
-8.193950,-19.218946,11.145675
-8.180966,-20.726108,10.647853
-8.180252,-22.233271,-3.343626
-8.179273,-19.972527,10.935332
-8.163398,-25.247595,5.288474
-8.162113,-17.711784,-4.893757
-8.141219,-25.247595,1.274442
-8.130866,-18.465365,-4.829596
-8.126250,-21.479689,-3.787490
-8.106482,-19.218946,-4.685053
-8.100821,-23.740433,8.179126
-8.099142,-20.726108,-4.161383
-8.094201,-19.972527,-4.461571
-8.053136,-25.247595,4.495100
-8.046569,-23.740433,-1.639785
-8.039740,-25.247595,2.070525
-8.036808,-24.494014,6.805361
-7.997816,-24.494014,-0.251784
-7.995477,-25.247595,3.688940
-7.990997,-25.247595,2.878047
-7.947551,-22.986852,8.794939
-7.886445,-22.986852,-2.264382
-7.832951,-22.233271,9.355003
-7.825161,-24.494014,6.061135
-7.796226,-23.740433,7.513718
-7.794422,-24.494014,0.497752
-7.784280,-16.204621,11.296849
-7.765602,-22.233271,-2.834227
-7.753170,-21.479689,9.853721
-7.751739,-16.958203,11.327342
-7.749369,-23.740433,-0.966677
-7.719857,-17.711784,11.276782
-7.704010,-20.726108,10.286111
-7.693950,-18.465365,11.145675
-7.680966,-19.972527,10.647853
-7.680252,-21.479689,-3.343626
-7.679273,-19.218946,10.935332
-7.663398,-24.494014,5.288474
-7.662113,-16.958203,-4.893757
-7.641219,-24.494014,1.274442
-7.630866,-17.711784,-4.829596
-7.626250,-20.726108,-3.787490
-7.606482,-18.465365,-4.685053
-7.600821,-22.986852,8.179126
-7.599142,-19.972527,-4.161383
-7.594201,-19.218946,-4.461571
-7.553136,-24.494014,4.495100
-7.546569,-22.986852,-1.639785
-7.539740,-24.494014,2.070525
-7.536808,-23.740433,6.805361
-7.497816,-23.740433,-0.251784
-7.495477,-24.494014,3.688940
-7.490997,-24.494014,2.878047
-7.447551,-22.233271,8.794939
-7.386445,-22.233271,-2.264382
-7.332951,-21.479689,9.355003
-7.325161,-23.740433,6.061135
-7.296226,-22.986852,7.513718
-7.294422,-23.740433,0.497752
-7.265602,-21.479689,-2.834227
-7.253170,-20.726108,9.853721
-7.249369,-22.986852,-0.966677
-7.219857,-16.958203,11.276782
-7.204010,-19.972527,10.286111
-7.193950,-17.711784,11.145675
-7.180966,-19.218946,10.647853
-7.180252,-20.726108,-3.343626
-7.179273,-18.465365,10.935332
-7.163398,-23.740433,5.288474
-7.141219,-23.740433,1.274442
-7.130866,-16.958203,-4.829596
-7.126250,-19.972527,-3.787490
-7.106482,-17.711784,-4.685053
-7.100821,-22.233271,8.179126
-7.099142,-19.218946,-4.161383
-7.094201,-18.465365,-4.461571
-7.053136,-23.740433,4.495100
-7.046569,-22.233271,-1.639785
-7.039740,-23.740433,2.070525
-7.036808,-22.986852,6.805361
-6.997816,-22.986852,-0.251784
-6.995477,-23.740433,3.688940
-6.990997,-23.740433,2.878047
-6.947551,-21.479689,8.794939
-6.886445,-21.479689,-2.264382
-6.832951,-20.726108,9.355003
-6.825161,-22.986852,6.061135
-6.796226,-22.233271,7.513718
-6.794422,-22.986852,0.497752
-6.765602,-20.726108,-2.834227
-6.753170,-19.972527,9.853721
-6.749369,-22.233271,-0.966677
-6.704010,-19.218946,10.286111
-6.693950,-16.958203,11.145675
-6.680966,-18.465365,10.647853
-6.680252,-19.972527,-3.343626
-6.679273,-17.711784,10.935332
-6.663398,-22.986852,5.288474
-6.641219,-22.986852,1.274442
-6.626250,-19.218946,-3.787490
-6.606482,-16.958203,-4.685053
-6.600821,-21.479689,8.179126
-6.599142,-18.465365,-4.161383
-6.594201,-17.711784,-4.461571
-6.553136,-22.986852,4.495100
-6.546569,-21.479689,-1.639785
-6.539740,-22.986852,2.070525
-6.536808,-22.233271,6.805361
-6.497816,-22.233271,-0.251784
-6.495477,-22.986852,3.688940
-6.490997,-22.986852,2.878047
-6.447551,-20.726108,8.794939
-6.386445,-20.726108,-2.264382
-6.332951,-19.972527,9.355003
-6.325161,-22.233271,6.061135
-6.296226,-21.479689,7.513718
-6.294422,-22.233271,0.497752
-6.265602,-19.972527,-2.834227
-6.253170,-19.218946,9.853721
-6.249369,-21.479689,-0.966677
-6.204010,-18.465365,10.286111
-6.180966,-17.711784,10.647853
-6.180252,-19.218946,-3.343626
-6.179273,-16.958203,10.935332
-6.163398,-22.233271,5.288474
-6.141219,-22.233271,1.274442
-6.126250,-18.465365,-3.787490
-6.100821,-20.726108,8.179126
-6.099142,-17.711784,-4.161383
-6.094201,-16.958203,-4.461571
-6.053136,-22.233271,4.495100
-6.046569,-20.726108,-1.639785
-6.039740,-22.233271,2.070525
-6.036808,-21.479689,6.805361
-5.997816,-21.479689,-0.251784
-5.995477,-22.233271,3.688940
-5.990997,-22.233271,2.878047
-5.947551,-19.972527,8.794939
-5.886445,-19.972527,-2.264382
-5.832951,-19.218946,9.355003
-5.825161,-21.479689,6.061135
-5.796226,-20.726108,7.513718
-5.794422,-21.479689,0.497752
-5.765602,-19.218946,-2.834227
-5.753170,-18.465365,9.853721
-5.749369,-20.726108,-0.966677
-5.704010,-17.711784,10.286111
-5.680966,-16.958203,10.647853
-5.680252,-18.465365,-3.343626
-5.663398,-21.479689,5.288474
-5.641219,-21.479689,1.274442
-5.626250,-17.711784,-3.787490
-5.600821,-19.972527,8.179126
-5.599142,-16.958203,-4.161383
-5.553136,-21.479689,4.495100
-5.546569,-19.972527,-1.639785
-5.539740,-21.479689,2.070525
-5.536808,-20.726108,6.805361
-5.497816,-20.726108,-0.251784
-5.495477,-21.479689,3.688940
-5.490997,-21.479689,2.878047
-5.447551,-19.218946,8.794939
-5.386445,-19.218946,-2.264382
-5.332951,-18.465365,9.355003
-5.325161,-20.726108,6.061135
-5.296226,-19.972527,7.513718
-5.294422,-20.726108,0.497752
-5.265602,-18.465365,-2.834227
-5.253170,-17.711784,9.853721
-5.249369,-19.972527,-0.966677
-5.204010,-16.958203,10.286111
-5.180252,-17.711784,-3.343626
-5.163398,-20.726108,5.288474
-5.141219,-20.726108,1.274442
-5.126250,-16.958203,-3.787490
-5.100821,-19.218946,8.179126
-5.053136,-20.726108,4.495100
-5.046569,-19.218946,-1.639785
-5.039740,-20.726108,2.070525
-5.036808,-19.972527,6.805361
-4.997816,-19.972527,-0.251784
-4.995477,-20.726108,3.688940
-4.990997,-20.726108,2.878047
-4.947551,-18.465365,8.794939
-4.886445,-18.465365,-2.264382
-4.832951,-17.711784,9.355003
-4.825161,-19.972527,6.061135
-4.796226,-19.218946,7.513718
-4.794422,-19.972527,0.497752
-4.765602,-17.711784,-2.834227
-4.753170,-16.958203,9.853721
-4.749369,-19.218946,-0.966677
-4.680252,-16.958203,-3.343626
-4.663398,-19.972527,5.288474
-4.641219,-19.972527,1.274442
-4.600821,-18.465365,8.179126
-4.553136,-19.972527,4.495100
-4.546569,-18.465365,-1.639785
-4.539740,-19.972527,2.070525
-4.536808,-19.218946,6.805361
-4.497816,-19.218946,-0.251784
-4.495477,-19.972527,3.688940
-4.490997,-19.972527,2.878047
-4.447551,-17.711784,8.794939
-4.386445,-17.711784,-2.264382
-4.332951,-16.958203,9.355003
-4.325161,-19.218946,6.061135
-4.296226,-18.465365,7.513718
-4.294422,-19.218946,0.497752
-4.265602,-16.958203,-2.834227
-4.249369,-18.465365,-0.966677
-4.163398,-19.218946,5.288474
-4.141219,-19.218946,1.274442
-4.100821,-17.711784,8.179126
-4.053136,-19.218946,4.495100
-4.046569,-17.711784,-1.639785
-4.039740,-19.218946,2.070525
-4.036808,-18.465365,6.805361
-3.997816,-18.465365,-0.251784
-3.995477,-19.218946,3.688940
-3.990997,-19.218946,2.878047
-3.947551,-16.958203,8.794939
-3.886445,-16.958203,-2.264382
-3.825161,-18.465365,6.061135
-3.796226,-17.711784,7.513718
-3.794422,-18.465365,0.497752
-3.765602,-16.204621,-2.834227
-3.749369,-17.711784,-0.966677
-3.663398,-18.465365,5.288474
-3.641219,-18.465365,1.274442
-3.600821,-16.958203,8.179126
-3.553136,-18.465365,4.495100
-3.546569,-16.958203,-1.639785
-3.539740,-18.465365,2.070525
-3.536808,-17.711784,6.805361
-3.497816,-17.711784,-0.251784
-3.495477,-18.465365,3.688940
-3.490997,-18.465365,2.878047
-3.325161,-17.711784,6.061135
-3.296226,-16.958203,7.513718
-3.294422,-17.711784,0.497752
-3.249369,-16.958203,-0.966677
-3.163398,-17.711784,5.288474
-3.141219,-17.711784,1.274442
-3.053136,-17.711784,4.495100
-3.046569,-16.204621,-1.639785
-3.039740,-17.711784,2.070525
-3.036808,-16.958203,6.805361
-2.997816,-16.958203,-0.251784
-2.995477,-17.711784,3.688940
-2.990997,-17.711784,2.878047
-2.825161,-16.958203,6.061135
-2.794422,-16.958203,0.497752
-2.663398,-16.958203,5.288474
-2.641219,-16.958203,1.274442
-2.553136,-16.958203,4.495100
-2.539740,-16.958203,2.070525
-2.495477,-16.958203,3.688940
-2.490997,-16.958203,2.878047
-1.997816,-15.451040,-0.251784
-1.641219,-15.451040,1.274442
1.641219,-15.451040,1.274442
1.997816,-15.451040,-0.251784
2.490997,-16.958203,2.878047
2.495477,-16.958203,3.688940
2.539740,-16.958203,2.070525
2.553136,-16.958203,4.495100
2.641219,-16.958203,1.274442
2.663398,-16.958203,5.288474
2.794422,-16.958203,0.497752
2.825161,-16.958203,6.061135
2.990997,-17.711784,2.878047
2.995477,-17.711784,3.688940
2.997816,-16.958203,-0.251784
3.036808,-16.958203,6.805361
3.039740,-17.711784,2.070525
3.046569,-16.204621,-1.639785
3.053136,-17.711784,4.495100
3.141219,-17.711784,1.274442
3.163398,-17.711784,5.288474
3.249369,-16.958203,-0.966677
3.294422,-17.711784,0.497752
3.296226,-16.958203,7.513718
3.325161,-17.711784,6.061135
3.490997,-18.465365,2.878047
3.495477,-18.465365,3.688940
3.497816,-17.711784,-0.251784
3.536808,-17.711784,6.805361
3.539740,-18.465365,2.070525
3.546569,-16.958203,-1.639785
3.553136,-18.465365,4.495100
3.600821,-16.958203,8.179126
3.641219,-18.465365,1.274442
3.663398,-18.465365,5.288474
3.749369,-17.711784,-0.966677
3.765602,-16.204621,-2.834227
3.794422,-18.465365,0.497752
3.796226,-17.711784,7.513718
3.825161,-18.465365,6.061135
3.886445,-16.958203,-2.264382
3.947551,-16.958203,8.794939
3.990997,-19.218946,2.878047
3.995477,-19.218946,3.688940
3.997816,-18.465365,-0.251784
4.036808,-18.465365,6.805361
4.039740,-19.218946,2.070525
4.046569,-17.711784,-1.639785
4.053136,-19.218946,4.495100
4.100821,-17.711784,8.179126
4.141219,-19.218946,1.274442
4.163398,-19.218946,5.288474
4.249369,-18.465365,-0.966677
4.265602,-16.958203,-2.834227
4.294422,-19.218946,0.497752
4.296226,-18.465365,7.513718
4.325161,-19.218946,6.061135
4.332951,-16.958203,9.355003
4.386445,-17.711784,-2.264382
4.447551,-17.711784,8.794939
4.490997,-19.972527,2.878047
4.495477,-19.972527,3.688940
4.497816,-19.218946,-0.251784
4.536808,-19.218946,6.805361
4.539740,-19.972527,2.070525
4.546569,-18.465365,-1.639785
4.553136,-19.972527,4.495100
4.600821,-18.465365,8.179126
4.641219,-19.972527,1.274442
4.663398,-19.972527,5.288474
4.680252,-16.958203,-3.343626
4.749369,-19.218946,-0.966677
4.753170,-16.958203,9.853721
4.765602,-17.711784,-2.834227
4.794422,-19.972527,0.497752
4.796226,-19.218946,7.513718
4.825161,-19.972527,6.061135
4.832951,-17.711784,9.355003
4.886445,-18.465365,-2.264382
4.947551,-18.465365,8.794939
4.990997,-20.726108,2.878047
4.995477,-20.726108,3.688940
4.997816,-19.972527,-0.251784
5.036808,-19.972527,6.805361
5.039740,-20.726108,2.070525
5.046569,-19.218946,-1.639785
5.053136,-20.726108,4.495100
5.100821,-19.218946,8.179126
5.126250,-16.958203,-3.787490
5.141219,-20.726108,1.274442
5.163398,-20.726108,5.288474
5.180252,-17.711784,-3.343626
5.204010,-16.958203,10.286111
5.249369,-19.972527,-0.966677
5.253170,-17.711784,9.853721
5.265602,-18.465365,-2.834227
5.294422,-20.726108,0.497752
5.296226,-19.972527,7.513718
5.325161,-20.726108,6.061135
5.332951,-18.465365,9.355003
5.386445,-19.218946,-2.264382
5.447551,-19.218946,8.794939
5.490997,-21.479689,2.878047
5.495477,-21.479689,3.688940
5.497816,-20.726108,-0.251784
5.536808,-20.726108,6.805361
5.539740,-21.479689,2.070525
5.546569,-19.972527,-1.639785
5.553136,-21.479689,4.495100
5.599142,-16.958203,-4.161383
5.600821,-19.972527,8.179126
5.626250,-17.711784,-3.787490
5.641219,-21.479689,1.274442
5.663398,-21.479689,5.288474
5.680252,-18.465365,-3.343626
5.680966,-16.958203,10.647853
5.704010,-17.711784,10.286111
5.749369,-20.726108,-0.966677
5.753170,-18.465365,9.853721
5.765602,-19.218946,-2.834227
5.794422,-21.479689,0.497752
5.796226,-20.726108,7.513718
5.825161,-21.479689,6.061135
5.832951,-19.218946,9.355003
5.886445,-19.972527,-2.264382
5.947551,-19.972527,8.794939
5.990997,-22.233271,2.878047
5.995477,-22.233271,3.688940
5.997816,-21.479689,-0.251784
6.036808,-21.479689,6.805361
6.039740,-22.233271,2.070525
6.046569,-20.726108,-1.639785
6.053136,-22.233271,4.495100
6.094201,-16.958203,-4.461571
6.099142,-17.711784,-4.161383
6.100821,-20.726108,8.179126
6.126250,-18.465365,-3.787490
6.141219,-22.233271,1.274442
6.163398,-22.233271,5.288474
6.179273,-16.958203,10.935332
6.180252,-19.218946,-3.343626
6.180966,-17.711784,10.647853
6.204010,-18.465365,10.286111
6.249369,-21.479689,-0.966677
6.253170,-19.218946,9.853721
6.265602,-19.972527,-2.834227
6.294422,-22.233271,0.497752
6.296226,-21.479689,7.513718
6.325161,-22.233271,6.061135
6.332951,-19.972527,9.355003
6.386445,-20.726108,-2.264382
6.447551,-20.726108,8.794939
6.490997,-22.986852,2.878047
6.495477,-22.986852,3.688940
6.497816,-22.233271,-0.251784
6.536808,-22.233271,6.805361
6.539740,-22.986852,2.070525
6.546569,-21.479689,-1.639785
6.553136,-22.986852,4.495100
6.594201,-17.711784,-4.461571
6.599142,-18.465365,-4.161383
6.600821,-21.479689,8.179126
6.606482,-16.958203,-4.685053
6.626250,-19.218946,-3.787490
6.641219,-22.986852,1.274442
6.663398,-22.986852,5.288474
6.679273,-17.711784,10.935332
6.680252,-19.972527,-3.343626
6.680966,-18.465365,10.647853
6.693950,-16.958203,11.145675
6.704010,-19.218946,10.286111
6.749369,-22.233271,-0.966677
6.753170,-19.972527,9.853721
6.765602,-20.726108,-2.834227
6.794422,-22.986852,0.497752
6.796226,-22.233271,7.513718
6.825161,-22.986852,6.061135
6.832951,-20.726108,9.355003
6.886445,-21.479689,-2.264382
6.947551,-21.479689,8.794939
6.990997,-23.740433,2.878047
6.995477,-23.740433,3.688940
6.997816,-22.986852,-0.251784
7.036808,-22.986852,6.805361
7.039740,-23.740433,2.070525
7.046569,-22.233271,-1.639785
7.053136,-23.740433,4.495100
7.094201,-18.465365,-4.461571
7.099142,-19.218946,-4.161383
7.100821,-22.233271,8.179126
7.106482,-17.711784,-4.685053
7.126250,-19.972527,-3.787490
7.130866,-16.958203,-4.829596
7.141219,-23.740433,1.274442
7.163398,-23.740433,5.288474
7.179273,-18.465365,10.935332
7.180252,-20.726108,-3.343626
7.180966,-19.218946,10.647853
7.193950,-17.711784,11.145675
7.204010,-19.972527,10.286111
7.219857,-16.958203,11.276782
7.249369,-22.986852,-0.966677
7.253170,-20.726108,9.853721
7.265602,-21.479689,-2.834227
7.294422,-23.740433,0.497752
7.296226,-22.986852,7.513718
7.325161,-23.740433,6.061135
7.332951,-21.479689,9.355003
7.386445,-22.233271,-2.264382
7.447551,-22.233271,8.794939
7.490997,-24.494014,2.878047
7.495477,-24.494014,3.688940
7.497816,-23.740433,-0.251784
7.536808,-23.740433,6.805361
7.539740,-24.494014,2.070525
7.546569,-22.986852,-1.639785
7.553136,-24.494014,4.495100
7.594201,-19.218946,-4.461571
7.599142,-19.972527,-4.161383
7.600821,-22.986852,8.179126
7.606482,-18.465365,-4.685053
7.626250,-20.726108,-3.787490
7.630866,-17.711784,-4.829596
7.641219,-24.494014,1.274442
7.662113,-16.958203,-4.893757
7.663398,-24.494014,5.288474
7.679273,-19.218946,10.935332
7.680252,-21.479689,-3.343626
7.680966,-19.972527,10.647853
7.693950,-18.465365,11.145675
7.704010,-20.726108,10.286111
7.719857,-17.711784,11.276782
7.749369,-23.740433,-0.966677
7.751739,-16.958203,11.327342
7.753170,-21.479689,9.853721
7.765602,-22.233271,-2.834227
7.784280,-16.204621,11.296849
7.794422,-24.494014,0.497752
7.796226,-23.740433,7.513718
7.825161,-24.494014,6.061135
7.832951,-22.233271,9.355003
7.886445,-22.986852,-2.264382
7.947551,-22.986852,8.794939
7.990997,-25.247595,2.878047
7.995477,-25.247595,3.688940
7.997816,-24.494014,-0.251784
8.036808,-24.494014,6.805361
8.039740,-25.247595,2.070525
8.046569,-23.740433,-1.639785
8.053136,-25.247595,4.495100
8.094201,-19.972527,-4.461571
8.099142,-20.726108,-4.161383
8.100821,-23.740433,8.179126
8.106482,-19.218946,-4.685053
8.126250,-21.479689,-3.787490
8.130866,-18.465365,-4.829596
8.141219,-25.247595,1.274442
8.162113,-17.711784,-4.893757
8.163398,-25.247595,5.288474
8.179273,-19.972527,10.935332
8.180252,-22.233271,-3.343626
8.180966,-20.726108,10.647853
8.193950,-19.218946,11.145675
8.194916,-16.958203,-4.876894
8.204010,-21.479689,10.286111
8.219857,-18.465365,11.276782
8.249369,-24.494014,-0.966677
8.251739,-17.711784,11.327342
8.253170,-22.233271,9.853721
8.265602,-22.986852,-2.834227
8.284280,-16.958203,11.296849
8.294422,-25.247595,0.497752
8.296226,-24.494014,7.513718
8.325161,-25.247595,6.061135
8.332951,-22.986852,9.355003
8.386445,-23.740433,-2.264382
8.447551,-23.740433,8.794939
8.490997,-26.001176,2.878047
8.495477,-26.001176,3.688940
8.497816,-25.247595,-0.251784
8.536808,-25.247595,6.805361
8.539740,-26.001176,2.070525
8.546569,-24.494014,-1.639785
8.553136,-26.001176,4.495100
8.594201,-20.726108,-4.461571
8.599142,-21.479689,-4.161383
8.600821,-24.494014,8.179126
8.606482,-19.972527,-4.685053
8.626250,-22.233271,-3.787490
8.630866,-19.218946,-4.829596
8.641219,-26.001176,1.274442
8.662113,-18.465365,-4.893757
8.663398,-26.001176,5.288474
8.679273,-20.726108,10.935332
8.680252,-22.986852,-3.343626
8.680966,-21.479689,10.647853
8.693950,-19.972527,11.145675
8.694916,-17.711784,-4.876894
8.704010,-22.233271,10.286111
8.719857,-19.218946,11.276782
8.723951,-16.958203,-4.779176
8.749369,-25.247595,-0.966677
8.751739,-18.465365,11.327342
8.753170,-22.986852,9.853721
8.765602,-23.740433,-2.834227
8.784280,-17.711784,11.296849
8.794422,-26.001176,0.497752
8.796226,-25.247595,7.513718
8.812160,-16.958203,11.185610
8.825161,-26.001176,6.061135
8.832951,-23.740433,9.355003
8.886445,-24.494014,-2.264382
8.947551,-24.494014,8.794939
8.990997,-26.754758,2.878047
8.995477,-26.754758,3.688940
8.997816,-26.001176,-0.251784
9.036808,-26.001176,6.805361
9.039740,-26.754758,2.070525
9.046569,-25.247595,-1.639785
9.053136,-26.754758,4.495100
9.094201,-21.479689,-4.461571
9.099142,-22.233271,-4.161383
9.100821,-25.247595,8.179126
9.106482,-20.726108,-4.685053
9.126250,-22.986852,-3.787490
9.130866,-19.972527,-4.829596
9.141219,-26.754758,1.274442
9.162113,-19.218946,-4.893757
9.163398,-26.754758,5.288474
9.179273,-21.479689,10.935332
9.180252,-23.740433,-3.343626
9.180966,-22.233271,10.647853
9.193950,-20.726108,11.145675
9.194916,-18.465365,-4.876894
9.204010,-22.986852,10.286111
9.219857,-19.972527,11.276782
9.223951,-17.711784,-4.779176
9.243931,-16.958203,-4.601579
9.249369,-26.001176,-0.966677
9.251739,-19.218946,11.327342
9.253170,-23.740433,9.853721
9.265602,-24.494014,-2.834227
9.284280,-18.465365,11.296849
9.294422,-26.754758,0.497752
9.296226,-26.001176,7.513718
9.312160,-17.711784,11.185610
9.325161,-26.754758,6.061135
9.330105,-16.958203,10.994734
9.332951,-24.494014,9.355003
9.386445,-25.247595,-2.264382
9.447551,-25.247595,8.794939
9.490997,-27.508339,2.878047
9.495477,-27.508339,3.688940
9.497816,-26.754758,-0.251784
9.536808,-26.754758,6.805361
9.539740,-27.508339,2.070525
9.546569,-26.001176,-1.639785
9.553136,-27.508339,4.495100
9.594201,-22.233271,-4.461571
9.599142,-22.986852,-4.161383
9.600821,-26.001176,8.179126
9.606482,-21.479689,-4.685053
9.626250,-23.740433,-3.787490
9.630866,-20.726108,-4.829596
9.641219,-27.508339,1.274442
9.662113,-19.972527,-4.893757
9.663398,-27.508339,5.288474
9.679273,-22.233271,10.935332
9.680252,-24.494014,-3.343626
9.680966,-22.986852,10.647853
9.693950,-21.479689,11.145675
9.694916,-19.218946,-4.876894
9.704010,-23.740433,10.286111
9.719857,-20.726108,11.276782
9.723951,-18.465365,-4.779176
9.743931,-17.711784,-4.601579
9.749369,-26.754758,-0.966677
9.749662,-16.958203,-4.345877
9.751739,-19.972527,11.327342
9.753170,-24.494014,9.853721
9.765602,-25.247595,-2.834227
9.784280,-19.218946,11.296849
9.794422,-27.508339,0.497752
9.796226,-26.754758,7.513718
9.812160,-18.465365,11.185610
9.825161,-27.508339,6.061135
9.830105,-17.711784,10.994734
9.832939,-16.958203,10.726129
9.832951,-25.247595,9.355003
9.886445,-26.001176,-2.264382
9.947551,-26.001176,8.794939
9.990997,-28.261920,2.878047
9.995477,-28.261920,3.688940
9.997816,-27.508339,-0.251784
10.036808,-27.508339,6.805361
10.039740,-28.261920,2.070525
10.046569,-26.754758,-1.639785
10.053136,-28.261920,4.495100
10.094201,-22.986852,-4.461571
10.099142,-23.740433,-4.161383
10.100821,-26.754758,8.179126
10.106482,-22.233271,-4.685053
10.126250,-24.494014,-3.787490
10.130866,-21.479689,-4.829596
10.141219,-28.261920,1.274442
10.162113,-20.726108,-4.893757
10.163398,-28.261920,5.288474
10.179273,-22.986852,10.935332
10.180252,-25.247595,-3.343626
10.180966,-23.740433,10.647853
10.193950,-22.233271,11.145675
10.194916,-19.972527,-4.876894
10.204010,-24.494014,10.286111
10.219857,-21.479689,11.276782
10.223951,-19.218946,-4.779176
10.236091,-16.958203,-4.014626
10.243931,-18.465365,-4.601579
10.249369,-27.508339,-0.966677
10.249662,-17.711784,-4.345877
10.251739,-20.726108,11.327342
10.253170,-25.247595,9.853721
10.265602,-26.001176,-2.834227
10.284280,-19.972527,11.296849
10.294422,-28.261920,0.497752
10.296226,-27.508339,7.513718
10.312160,-19.218946,11.185610
10.315638,-16.958203,10.382480
10.325161,-28.261920,6.061135
10.330105,-18.465365,10.994734
10.332939,-17.711784,10.726129
10.332951,-26.001176,9.355003
10.386445,-26.754758,-2.264382
10.447551,-26.754758,8.794939
10.490997,-29.015501,2.878047
10.495477,-29.015501,3.688940
10.497816,-28.261920,-0.251784
10.536808,-28.261920,6.805361
10.539740,-29.015501,2.070525
10.546569,-27.508339,-1.639785
10.553136,-29.015501,4.495100
10.594201,-23.740433,-4.461571
10.599142,-24.494014,-4.161383
10.600821,-27.508339,8.179126
10.606482,-22.986852,-4.685053
10.626250,-25.247595,-3.787490
10.630866,-22.233271,-4.829596
10.641219,-29.015501,1.274442
10.662113,-21.479689,-4.893757
10.663398,-29.015501,5.288474
10.679273,-23.740433,10.935332
10.680252,-26.001176,-3.343626
10.680966,-24.494014,10.647853
10.693950,-22.986852,11.145675
10.694916,-20.726108,-4.876894
10.698356,-16.958203,-3.611135
10.704010,-25.247595,10.286111
10.719857,-22.233271,11.276782
10.723951,-19.972527,-4.779176
10.736091,-17.711784,-4.014626
10.743931,-19.218946,-4.601579
10.749369,-28.261920,-0.966677
10.749662,-18.465365,-4.345877
10.751739,-21.479689,11.327342
10.753170,-26.001176,9.853721
10.765602,-26.754758,-2.834227
10.773380,-16.958203,9.967219
10.784280,-20.726108,11.296849
10.794422,-29.015501,0.497752
10.796226,-28.261920,7.513718
10.812160,-19.972527,11.185610
10.815638,-17.711784,10.382480
10.825161,-29.015501,6.061135
10.830105,-19.218946,10.994734
10.832939,-18.465365,10.726129
10.832951,-26.754758,9.355003
10.886445,-27.508339,-2.264382
10.947551,-27.508339,8.794939
10.990997,-29.769082,2.878047
10.995477,-29.769082,3.688940
10.997816,-29.015501,-0.251784
11.036808,-29.015501,6.805361
11.039740,-29.769082,2.070525
11.046569,-28.261920,-1.639785
11.053136,-29.769082,4.495100
11.094201,-24.494014,-4.461571
11.099142,-25.247595,-4.161383
11.100821,-28.261920,8.179126
11.106482,-23.740433,-4.685053
11.126250,-26.001176,-3.787490
11.130866,-22.986852,-4.829596
11.131840,-16.958203,-3.139436
11.141219,-29.769082,1.274442
11.162113,-22.233271,-4.893757
11.163398,-29.769082,5.288474
11.179273,-24.494014,10.935332
11.180252,-26.754758,-3.343626
11.180966,-25.247595,10.647853
11.193950,-23.740433,11.145675
11.194916,-21.479689,-4.876894
11.198356,-17.711784,-3.611135
11.201590,-16.958203,9.484496
11.204010,-26.001176,10.286111
11.219857,-22.986852,11.276782
11.223951,-20.726108,-4.779176
11.236091,-18.465365,-4.014626
11.243931,-19.972527,-4.601579
11.249369,-29.015501,-0.966677
11.249662,-19.218946,-4.345877
11.251739,-22.233271,11.327342
11.253170,-26.754758,9.853721
11.265602,-27.508339,-2.834227
11.273380,-17.711784,9.967219
11.284280,-21.479689,11.296849
11.294422,-29.769082,0.497752
11.296226,-29.015501,7.513718
11.312160,-20.726108,11.185610
11.315638,-18.465365,10.382480
11.325161,-29.769082,6.061135
11.330105,-19.972527,10.994734
11.332939,-19.218946,10.726129
11.332951,-27.508339,9.355003
11.386445,-28.261920,-2.264382
11.447551,-28.261920,8.794939
11.490997,-30.522663,2.878047
11.495477,-30.522663,3.688940
11.497816,-29.769082,-0.251784
11.532211,-16.958203,-2.604242
11.536808,-29.769082,6.805361
11.539740,-30.522663,2.070525
11.546569,-29.015501,-1.639785
11.553136,-30.522663,4.495100
11.594201,-25.247595,-4.461571
11.595991,-16.958203,8.939134
11.599142,-26.001176,-4.161383
11.600821,-29.015501,8.179126
11.606482,-24.494014,-4.685053
11.626250,-26.754758,-3.787490
11.630866,-23.740433,-4.829596
11.631840,-17.711784,-3.139436
11.641219,-30.522663,1.274442
11.662113,-22.986852,-4.893757
11.663398,-30.522663,5.288474
11.679273,-25.247595,10.935332
11.680252,-27.508339,-3.343626
11.680966,-26.001176,10.647853
11.693950,-24.494014,11.145675
11.694916,-22.233271,-4.876894
11.698356,-18.465365,-3.611135
11.701590,-17.711784,9.484496
11.704010,-26.754758,10.286111
11.719857,-23.740433,11.276782
11.723951,-21.479689,-4.779176
11.736091,-19.218946,-4.014626
11.743931,-20.726108,-4.601579
11.749369,-29.769082,-0.966677
11.749662,-19.972527,-4.345877
11.751739,-22.986852,11.327342
11.753170,-27.508339,9.853721
11.765602,-28.261920,-2.834227
11.773380,-18.465365,9.967219
11.784280,-22.233271,11.296849
11.794422,-30.522663,0.497752
11.796226,-29.769082,7.513718
11.812160,-21.479689,11.185610
11.815638,-19.218946,10.382480
11.825161,-30.522663,6.061135
11.830105,-20.726108,10.994734
11.832939,-19.972527,10.726129
11.832951,-28.261920,9.355003
11.886445,-29.015501,-2.264382
11.895469,-16.958203,-2.010900
11.947551,-29.015501,8.794939
11.952641,-16.958203,8.336582
11.990997,-31.276244,2.878047
11.995477,-31.276244,3.688940
11.997816,-30.522663,-0.251784
12.032211,-17.711784,-2.604242
12.036808,-30.522663,6.805361
12.039740,-31.276244,2.070525
12.046569,-29.769082,-1.639785
12.053136,-31.276244,4.495100
12.094201,-26.001176,-4.461571
12.095991,-17.711784,8.939134
12.099142,-26.754758,-4.161383
12.100821,-29.769082,8.179126
12.106482,-25.247595,-4.685053
12.126250,-27.508339,-3.787490
12.130866,-24.494014,-4.829596
12.131840,-18.465365,-3.139436
12.141219,-31.276244,1.274442
12.162113,-23.740433,-4.893757
12.163398,-31.276244,5.288474
12.179273,-26.001176,10.935332
12.180252,-28.261920,-3.343626
12.180966,-26.754758,10.647853
12.193950,-25.247595,11.145675
12.194916,-22.986852,-4.876894
12.198356,-19.218946,-3.611135
12.201590,-18.465365,9.484496
12.204010,-27.508339,10.286111
12.217983,-16.958203,-1.365339
12.219857,-24.494014,11.276782
12.223951,-22.233271,-4.779176
12.236091,-19.972527,-4.014626
12.243931,-21.479689,-4.601579
12.249369,-30.522663,-0.966677
12.249662,-20.726108,-4.345877
12.251739,-23.740433,11.327342
12.253170,-28.261920,9.853721
12.265602,-29.015501,-2.834227
12.267977,-16.958203,7.682860
12.273380,-19.218946,9.967219
12.284280,-22.986852,11.296849
12.294422,-31.276244,0.497752
12.296226,-30.522663,7.513718
12.312160,-22.233271,11.185610
12.315638,-19.972527,10.382480
12.325161,-31.276244,6.061135
12.330105,-21.479689,10.994734
12.332939,-20.726108,10.726129
12.332951,-29.015501,9.355003
12.386445,-29.769082,-2.264382
12.395469,-17.711784,-2.010900
12.447551,-29.769082,8.794939
12.452641,-17.711784,8.336582
12.490997,-32.029826,2.878047
12.495477,-32.029826,3.688940
12.496533,-16.958203,-0.674009
12.497816,-31.276244,-0.251784
12.532211,-18.465365,-2.604242
12.536808,-31.276244,6.805361
12.538848,-16.958203,6.984501
12.539740,-32.029826,2.070525
12.546569,-30.522663,-1.639785
12.553136,-32.029826,4.495100
12.594201,-26.754758,-4.461571
12.595991,-18.465365,8.939134
12.599142,-27.508339,-4.161383
12.600821,-30.522663,8.179126
12.606482,-26.001176,-4.685053
12.626250,-28.261920,-3.787490
12.630866,-25.247595,-4.829596
12.631840,-19.218946,-3.139436
12.641219,-32.029826,1.274442
12.662113,-24.494014,-4.893757
12.663398,-32.029826,5.288474
12.679273,-26.754758,10.935332
12.680252,-29.015501,-3.343626
12.680966,-27.508339,10.647853
12.693950,-26.001176,11.145675
12.694916,-23.740433,-4.876894
12.698356,-19.972527,-3.611135
12.701590,-19.218946,9.484496
12.704010,-28.261920,10.286111
12.717983,-17.711784,-1.365339
12.719857,-25.247595,11.276782
12.723951,-22.986852,-4.779176
12.728334,-16.958203,0.056183
12.736091,-20.726108,-4.014626
12.743931,-22.233271,-4.601579
12.749369,-31.276244,-0.966677
12.749662,-21.479689,-4.345877
12.751739,-24.494014,11.327342
12.753170,-29.015501,9.853721
12.762548,-16.958203,6.248482
12.765602,-29.769082,-2.834227
12.767977,-17.711784,7.682860
12.773380,-19.972527,9.967219
12.784280,-23.740433,11.296849
12.794422,-32.029826,0.497752
12.796226,-31.276244,7.513718
12.812160,-22.986852,11.185610
12.815638,-20.726108,10.382480
12.825161,-32.029826,6.061135
12.830105,-22.233271,10.994734
12.832939,-21.479689,10.726129
12.832951,-29.769082,9.355003
12.886445,-30.522663,-2.264382
12.895469,-18.465365,-2.010900
12.911070,-16.958203,0.817940
12.936841,-16.958203,5.482158
12.947551,-30.522663,8.794939
12.952641,-18.465365,8.336582
12.990997,-32.783407,2.878047
12.995477,-32.783407,3.688940
12.996533,-17.711784,-0.674009
12.997816,-32.029826,-0.251784
13.032211,-19.218946,-2.604242
13.036808,-32.029826,6.805361
13.038848,-17.711784,6.984501
13.039740,-32.783407,2.070525
13.042916,-16.958203,1.603651
13.046569,-31.276244,-1.639785
13.053136,-32.783407,4.495100
13.059987,-16.958203,4.693184
13.094201,-27.508339,-4.461571
13.095991,-19.218946,8.939134
13.099142,-28.261920,-4.161383
13.100821,-31.276244,8.179126
13.106482,-26.754758,-4.685053
13.122555,-16.958203,2.405466
13.126250,-29.015501,-3.787490
13.130754,-16.958203,3.889444
13.130866,-26.001176,-4.829596
13.131840,-19.972527,-3.139436
13.141219,-32.783407,1.274442
13.149189,-16.958203,3.215374
13.162113,-25.247595,-4.893757
13.163398,-32.783407,5.288474
13.179273,-27.508339,10.935332
13.180252,-29.769082,-3.343626
13.180966,-28.261920,10.647853
13.193950,-26.754758,11.145675
13.194916,-24.494014,-4.876894
13.198356,-20.726108,-3.611135
13.201590,-19.972527,9.484496
13.204010,-29.015501,10.286111
13.217983,-18.465365,-1.365339
13.219857,-26.001176,11.276782
13.223951,-23.740433,-4.779176
13.228334,-17.711784,0.056183
13.236091,-21.479689,-4.014626
13.243931,-22.986852,-4.601579
13.249369,-32.029826,-0.966677
13.249662,-22.233271,-4.345877
13.251739,-25.247595,11.327342
13.253170,-29.769082,9.853721
13.262548,-17.711784,6.248482
13.265602,-30.522663,-2.834227
13.267977,-18.465365,7.682860
13.273380,-20.726108,9.967219
13.284280,-24.494014,11.296849
13.294422,-32.783407,0.497752
13.296226,-32.029826,7.513718
13.312160,-23.740433,11.185610
13.315638,-21.479689,10.382480
13.325161,-32.783407,6.061135
13.330105,-22.986852,10.994734
13.332939,-22.233271,10.726129
13.332951,-30.522663,9.355003
13.386445,-31.276244,-2.264382
13.395469,-19.218946,-2.010900
13.411070,-17.711784,0.817940
13.436841,-17.711784,5.482158
13.447551,-31.276244,8.794939
13.452641,-19.218946,8.336582
13.490997,-33.536988,2.878047
13.495477,-33.536988,3.688940
13.496533,-18.465365,-0.674009
13.497816,-32.783407,-0.251784
13.532211,-19.972527,-2.604242
13.536808,-32.783407,6.805361
13.538848,-18.465365,6.984501
13.539740,-33.536988,2.070525
13.542916,-17.711784,1.603651
13.546569,-32.029826,-1.639785
13.553136,-33.536988,4.495100
13.559987,-17.711784,4.693184
13.594201,-28.261920,-4.461571
13.595991,-19.972527,8.939134
13.599142,-29.015501,-4.161383
13.600821,-32.029826,8.179126
13.606482,-27.508339,-4.685053
13.622555,-17.711784,2.405466
13.626250,-29.769082,-3.787490
13.630754,-17.711784,3.889444
13.630866,-26.754758,-4.829596
13.631840,-20.726108,-3.139436
13.641219,-33.536988,1.274442
13.649189,-17.711784,3.215374
13.662113,-26.001176,-4.893757
13.663398,-33.536988,5.288474
13.679273,-28.261920,10.935332
13.680252,-30.522663,-3.343626
13.680966,-29.015501,10.647853
13.693950,-27.508339,11.145675
13.694916,-25.247595,-4.876894
13.698356,-21.479689,-3.611135
13.701590,-20.726108,9.484496
13.704010,-29.769082,10.286111
13.717983,-19.218946,-1.365339
13.719857,-26.754758,11.276782
13.723951,-24.494014,-4.779176
13.728334,-18.465365,0.056183
13.736091,-22.233271,-4.014626
13.743931,-23.740433,-4.601579
13.749369,-32.783407,-0.966677
13.749662,-22.986852,-4.345877
13.751739,-26.001176,11.327342
13.753170,-30.522663,9.853721
13.762548,-18.465365,6.248482
13.765602,-31.276244,-2.834227
13.767977,-19.218946,7.682860
13.773380,-21.479689,9.967219
13.784280,-25.247595,11.296849
13.794422,-33.536988,0.497752
13.796226,-32.783407,7.513718
13.812160,-24.494014,11.185610
13.815638,-22.233271,10.382480
13.825161,-33.536988,6.061135
13.830105,-23.740433,10.994734
13.832939,-22.986852,10.726129
13.832951,-31.276244,9.355003
13.886445,-32.029826,-2.264382
13.895469,-19.972527,-2.010900
13.911070,-18.465365,0.817940
13.936841,-18.465365,5.482158
13.947551,-32.029826,8.794939
13.952641,-19.972527,8.336582
13.990997,-34.290569,2.878047
13.995477,-34.290569,3.688940
13.996533,-19.218946,-0.674009
13.997816,-33.536988,-0.251784
14.032211,-20.726108,-2.604242
14.036808,-33.536988,6.805361
14.038848,-19.218946,6.984501
14.039740,-34.290569,2.070525
14.042916,-18.465365,1.603651
14.046569,-32.783407,-1.639785
14.053136,-34.290569,4.495100
14.059987,-18.465365,4.693184
14.094201,-29.015501,-4.461571
14.095991,-20.726108,8.939134
14.099142,-29.769082,-4.161383
14.100821,-32.783407,8.179126
14.106482,-28.261920,-4.685053
14.122555,-18.465365,2.405466
14.126250,-30.522663,-3.787490
14.130754,-18.465365,3.889444
14.130866,-27.508339,-4.829596
14.131840,-21.479689,-3.139436
14.141219,-34.290569,1.274442
14.149189,-18.465365,3.215374
14.162113,-26.754758,-4.893757
14.163398,-34.290569,5.288474
14.179273,-29.015501,10.935332
14.180252,-31.276244,-3.343626
14.180966,-29.769082,10.647853
14.193950,-28.261920,11.145675
14.194916,-26.001176,-4.876894
14.198356,-22.233271,-3.611135
14.201590,-21.479689,9.484496
14.204010,-30.522663,10.286111
14.217983,-19.972527,-1.365339
14.219857,-27.508339,11.276782
14.223951,-25.247595,-4.779176
14.228334,-19.218946,0.056183
14.236091,-22.986852,-4.014626
14.243931,-24.494014,-4.601579
14.249369,-33.536988,-0.966677
14.249662,-23.740433,-4.345877
14.251739,-26.754758,11.327342
14.253170,-31.276244,9.853721
14.262548,-19.218946,6.248482
14.265602,-32.029826,-2.834227
14.267977,-19.972527,7.682860
14.273380,-22.233271,9.967219
14.284280,-26.001176,11.296849
14.294422,-34.290569,0.497752
14.296226,-33.536988,7.513718
14.312160,-25.247595,11.185610
14.315638,-22.986852,10.382480
14.330105,-24.494014,10.994734
14.332939,-23.740433,10.726129
14.386445,-32.783407,-2.264382
14.395469,-20.726108,-2.010900
14.411070,-19.218946,0.817940
14.436841,-19.218946,5.482158
14.452641,-20.726108,8.336582
14.490997,-35.044150,2.878047
14.495477,-35.044150,3.688940
14.496533,-19.972527,-0.674009
14.497816,-34.290569,-0.251784
14.532211,-21.479689,-2.604242
14.536808,-34.290569,6.805361
14.538848,-19.972527,6.984501
14.539740,-35.044150,2.070525
14.542916,-19.218946,1.603651
14.546569,-33.536988,-1.639785
14.553136,-35.044150,4.495100
14.559987,-19.218946,4.693184
14.594201,-29.769082,-4.461571
14.595991,-21.479689,8.939134
14.599142,-30.522663,-4.161383
14.606482,-29.015501,-4.685053
14.622555,-19.218946,2.405466
14.626250,-31.276244,-3.787490
14.630754,-19.218946,3.889444
14.630866,-28.261920,-4.829596
14.631840,-22.233271,-3.139436
14.641219,-35.044150,1.274442
14.649189,-19.218946,3.215374
14.662113,-27.508339,-4.893757
14.679273,-29.769082,10.935332
14.680252,-32.029826,-3.343626
14.680966,-30.522663,10.647853
14.693950,-29.015501,11.145675
14.694916,-26.754758,-4.876894
14.698356,-22.986852,-3.611135
14.701590,-22.233271,9.484496
14.704010,-31.276244,10.286111
14.717983,-20.726108,-1.365339
14.719857,-28.261920,11.276782
14.723951,-26.001176,-4.779176
14.728334,-19.972527,0.056183
14.736091,-23.740433,-4.014626
14.743931,-25.247595,-4.601579
14.749369,-34.290569,-0.966677
14.749662,-24.494014,-4.345877
14.751739,-27.508339,11.327342
14.762548,-19.972527,6.248482
14.765602,-32.783407,-2.834227
14.767977,-20.726108,7.682860
14.773380,-22.986852,9.967219
14.784280,-26.754758,11.296849
14.794422,-35.044150,0.497752
14.812160,-26.001176,11.185610
14.815638,-23.740433,10.382480
14.830105,-25.247595,10.994734
14.832939,-24.494014,10.726129
14.886445,-33.536988,-2.264382
14.895469,-21.479689,-2.010900
14.911070,-19.972527,0.817940
14.936841,-19.972527,5.482158
14.952641,-21.479689,8.336582
14.996533,-20.726108,-0.674009
14.997816,-35.044150,-0.251784
15.032211,-22.233271,-2.604242
15.038848,-20.726108,6.984501
15.042916,-19.972527,1.603651
15.046569,-34.290569,-1.639785
15.059987,-19.972527,4.693184
15.094201,-30.522663,-4.461571
15.095991,-22.233271,8.939134
15.099142,-31.276244,-4.161383
15.106482,-29.769082,-4.685053
15.122555,-19.972527,2.405466
15.126250,-32.029826,-3.787490
15.130754,-19.972527,3.889444
15.130866,-29.015501,-4.829596
15.131840,-22.986852,-3.139436
15.149189,-19.972527,3.215374
15.162113,-28.261920,-4.893757
15.179273,-30.522663,10.935332
15.180252,-32.783407,-3.343626
15.180966,-31.276244,10.647853
15.193950,-29.769082,11.145675
15.194916,-27.508339,-4.876894
15.198356,-23.740433,-3.611135
15.201590,-22.986852,9.484496
15.217983,-21.479689,-1.365339
15.219857,-29.015501,11.276782
15.223951,-26.754758,-4.779176
15.228334,-20.726108,0.056183
15.236091,-24.494014,-4.014626
15.243931,-26.001176,-4.601579
15.249369,-35.044150,-0.966677
15.249662,-25.247595,-4.345877
15.251739,-28.261920,11.327342
15.253170,-32.783407,9.853721
15.262548,-20.726108,6.248482
15.265602,-33.536988,-2.834227
15.267977,-21.479689,7.682860
15.273380,-23.740433,9.967219
15.284280,-27.508339,11.296849
15.312160,-26.754758,11.185610
15.315638,-24.494014,10.382480
15.330105,-26.001176,10.994734
15.332939,-25.247595,10.726129
15.386445,-34.290569,-2.264382
15.395469,-22.233271,-2.010900
15.411070,-20.726108,0.817940
15.436841,-20.726108,5.482158
15.452641,-22.233271,8.336582
15.496533,-21.479689,-0.674009
15.532211,-22.986852,-2.604242
15.538848,-21.479689,6.984501
15.542916,-20.726108,1.603651
15.546569,-35.044150,-1.639785
15.559987,-20.726108,4.693184
15.594201,-31.276244,-4.461571
15.595991,-22.986852,8.939134
15.599142,-32.029826,-4.161383
15.606482,-30.522663,-4.685053
15.622555,-20.726108,2.405466
15.626250,-32.783407,-3.787490
15.630754,-20.726108,3.889444
15.630866,-29.769082,-4.829596
15.631840,-23.740433,-3.139436
15.649189,-20.726108,3.215374
15.662113,-29.015501,-4.893757
15.679273,-31.276244,10.935332
15.680252,-33.536988,-3.343626
15.680966,-32.029826,10.647853
15.693950,-30.522663,11.145675
15.694916,-28.261920,-4.876894
15.698356,-24.494014,-3.611135
15.701590,-23.740433,9.484496
15.717983,-22.233271,-1.365339
15.719857,-29.769082,11.276782
15.723951,-27.508339,-4.779176
15.728334,-21.479689,0.056183
15.736091,-25.247595,-4.014626
15.743931,-26.754758,-4.601579
15.749662,-26.001176,-4.345877
15.751739,-29.015501,11.327342
15.762548,-21.479689,6.248482
15.765602,-34.290569,-2.834227
15.767977,-22.233271,7.682860
15.773380,-24.494014,9.967219
15.784280,-28.261920,11.296849
15.812160,-27.508339,11.185610
15.815638,-25.247595,10.382480
15.830105,-26.754758,10.994734
15.832939,-26.001176,10.726129
15.886445,-35.044150,-2.264382
15.895469,-22.986852,-2.010900
15.911070,-21.479689,0.817940
15.936841,-21.479689,5.482158
15.952641,-22.986852,8.336582
15.996533,-22.233271,-0.674009
16.032211,-23.740433,-2.604242
16.038848,-22.233271,6.984501
16.042916,-21.479689,1.603651
16.059987,-21.479689,4.693184
16.094201,-32.029826,-4.461571
16.095991,-23.740433,8.939134
16.099142,-32.783407,-4.161383
16.106482,-31.276244,-4.685053
16.122555,-21.479689,2.405466
16.126250,-33.536988,-3.787490
16.130754,-21.479689,3.889444
16.130866,-30.522663,-4.829596
16.131840,-24.494014,-3.139436
16.149189,-21.479689,3.215374
16.162113,-29.769082,-4.893757
16.179273,-32.029826,10.935332
16.180252,-34.290569,-3.343626
16.193950,-31.276244,11.145675
16.194916,-29.015501,-4.876894
16.198356,-25.247595,-3.611135
16.201590,-24.494014,9.484496
16.217983,-22.986852,-1.365339
16.219857,-30.522663,11.276782
16.223951,-28.261920,-4.779176
16.228334,-22.233271,0.056183
16.236091,-26.001176,-4.014626
16.243931,-27.508339,-4.601579
16.249662,-26.754758,-4.345877
16.251739,-29.769082,11.327342
16.262548,-22.233271,6.248482
16.265602,-35.044150,-2.834227
16.267977,-22.986852,7.682860
16.273380,-25.247595,9.967219
16.284280,-29.015501,11.296849
16.312160,-28.261920,11.185610
16.315638,-26.001176,10.382480
16.330105,-27.508339,10.994734
16.332939,-26.754758,10.726129
16.395469,-23.740433,-2.010900
16.411070,-22.233271,0.817940
16.436841,-22.233271,5.482158
16.452641,-23.740433,8.336582
16.496533,-22.986852,-0.674009
16.532211,-24.494014,-2.604242
16.538848,-22.986852,6.984501
16.542916,-22.233271,1.603651
16.559987,-22.233271,4.693184
16.594201,-32.783407,-4.461571
16.595991,-24.494014,8.939134
16.599142,-33.536988,-4.161383
16.606482,-32.029826,-4.685053
16.622555,-22.233271,2.405466
16.626250,-34.290569,-3.787490
16.630754,-22.233271,3.889444
16.630866,-31.276244,-4.829596
16.631840,-25.247595,-3.139436
16.649189,-22.233271,3.215374
16.662113,-30.522663,-4.893757
16.680252,-35.044150,-3.343626
16.693950,-32.029826,11.145675
16.694916,-29.769082,-4.876894
16.698356,-26.001176,-3.611135
16.701590,-25.247595,9.484496
16.717983,-23.740433,-1.365339
16.719857,-31.276244,11.276782
16.723951,-29.015501,-4.779176
16.728334,-22.986852,0.056183
16.736091,-26.754758,-4.014626
16.743931,-28.261920,-4.601579
16.749662,-27.508339,-4.345877
16.751739,-30.522663,11.327342
16.762548,-22.986852,6.248482
16.767977,-23.740433,7.682860
16.773380,-26.001176,9.967219
16.784280,-29.769082,11.296849
16.812160,-29.015501,11.185610
16.815638,-26.754758,10.382480
16.830105,-28.261920,10.994734
16.832939,-27.508339,10.726129
16.895469,-24.494014,-2.010900
16.911070,-22.986852,0.817940
16.936841,-22.986852,5.482158
16.952641,-24.494014,8.336582
16.996533,-23.740433,-0.674009
17.032211,-25.247595,-2.604242
17.038848,-23.740433,6.984501
17.042916,-22.986852,1.603651
17.059987,-22.986852,4.693184
17.094201,-33.536988,-4.461571
17.095991,-25.247595,8.939134
17.099142,-34.290569,-4.161383
17.106482,-32.783407,-4.685053
17.122555,-22.986852,2.405466
17.126250,-35.044150,-3.787490
17.130754,-22.986852,3.889444
17.130866,-32.029826,-4.829596
17.131840,-26.001176,-3.139436
17.149189,-22.986852,3.215374
17.162113,-31.276244,-4.893757
17.194916,-30.522663,-4.876894
17.198356,-26.754758,-3.611135
17.201590,-26.001176,9.484496
17.217983,-24.494014,-1.365339
17.223951,-29.769082,-4.779176
17.228334,-23.740433,0.056183
17.236091,-27.508339,-4.014626
17.243931,-29.015501,-4.601579
17.249662,-28.261920,-4.345877
17.251739,-31.276244,11.327342
17.262548,-23.740433,6.248482
17.267977,-24.494014,7.682860
17.273380,-26.754758,9.967219
17.284280,-30.522663,11.296849
17.312160,-29.769082,11.185610
17.315638,-27.508339,10.382480
17.330105,-29.015501,10.994734
17.332939,-28.261920,10.726129
17.395469,-25.247595,-2.010900
17.411070,-23.740433,0.817940
17.436841,-23.740433,5.482158
17.452641,-25.247595,8.336582
17.496533,-24.494014,-0.674009
17.532211,-26.001176,-2.604242
17.538848,-24.494014,6.984501
17.542916,-23.740433,1.603651
17.559987,-23.740433,4.693184
17.594201,-34.290569,-4.461571
17.595991,-26.001176,8.939134
17.599142,-35.044150,-4.161383
17.606482,-33.536988,-4.685053
17.622555,-23.740433,2.405466
17.630754,-23.740433,3.889444
17.630866,-32.783407,-4.829596
17.631840,-26.754758,-3.139436
17.649189,-23.740433,3.215374
17.662113,-32.029826,-4.893757
17.694916,-31.276244,-4.876894
17.698356,-27.508339,-3.611135
17.701590,-26.754758,9.484496
17.717983,-25.247595,-1.365339
17.723951,-30.522663,-4.779176
17.728334,-24.494014,0.056183
17.736091,-28.261920,-4.014626
17.743931,-29.769082,-4.601579
17.749662,-29.015501,-4.345877
17.762548,-24.494014,6.248482
17.767977,-25.247595,7.682860
17.773380,-27.508339,9.967219
17.784280,-31.276244,11.296849
17.812160,-30.522663,11.185610
17.815638,-28.261920,10.382480
17.830105,-29.769082,10.994734
17.832939,-29.015501,10.726129
17.895469,-26.001176,-2.010900
17.911070,-24.494014,0.817940
17.936841,-24.494014,5.482158
17.952641,-26.001176,8.336582
17.996533,-25.247595,-0.674009
18.032211,-26.754758,-2.604242
18.038848,-25.247595,6.984501
18.042916,-24.494014,1.603651
18.059987,-24.494014,4.693184
18.094201,-35.044150,-4.461571
18.095991,-26.754758,8.939134
18.106482,-34.290569,-4.685053
18.122555,-24.494014,2.405466
18.130754,-24.494014,3.889444
18.130866,-33.536988,-4.829596
18.131840,-27.508339,-3.139436
18.149189,-24.494014,3.215374
18.162113,-32.783407,-4.893757
18.194916,-32.029826,-4.876894
18.198356,-28.261920,-3.611135
18.201590,-27.508339,9.484496
18.217983,-26.001176,-1.365339
18.223951,-31.276244,-4.779176
18.228334,-25.247595,0.056183
18.236091,-29.015501,-4.014626
18.243931,-30.522663,-4.601579
18.249662,-29.769082,-4.345877
18.262548,-25.247595,6.248482
18.267977,-26.001176,7.682860
18.273380,-28.261920,9.967219
18.315638,-29.015501,10.382480
18.330105,-30.522663,10.994734
18.332939,-29.769082,10.726129
18.395469,-26.754758,-2.010900
18.411070,-25.247595,0.817940
18.436841,-25.247595,5.482158
18.452641,-26.754758,8.336582
18.496533,-26.001176,-0.674009
18.532211,-27.508339,-2.604242
18.538848,-26.001176,6.984501
18.542916,-25.247595,1.603651
18.559987,-25.247595,4.693184
18.595991,-27.508339,8.939134
18.606482,-35.044150,-4.685053
18.622555,-25.247595,2.405466
18.630754,-25.247595,3.889444
18.630866,-34.290569,-4.829596
18.631840,-28.261920,-3.139436
18.649189,-25.247595,3.215374
18.662113,-33.536988,-4.893757
18.694916,-32.783407,-4.876894
18.698356,-29.015501,-3.611135
18.701590,-28.261920,9.484496
18.717983,-26.754758,-1.365339
18.723951,-32.029826,-4.779176
18.728334,-26.001176,0.056183
18.736091,-29.769082,-4.014626
18.743931,-31.276244,-4.601579
18.749662,-30.522663,-4.345877
18.762548,-26.001176,6.248482
18.767977,-26.754758,7.682860
18.773380,-29.015501,9.967219
18.815638,-29.769082,10.382480
18.830105,-31.276244,10.994734
18.832939,-30.522663,10.726129
18.895469,-27.508339,-2.010900
18.911070,-26.001176,0.817940
18.936841,-26.001176,5.482158
18.952641,-27.508339,8.336582
18.996533,-26.754758,-0.674009
19.032211,-28.261920,-2.604242
19.038848,-26.754758,6.984501
19.042916,-26.001176,1.603651
19.059987,-26.001176,4.693184
19.095991,-28.261920,8.939134
19.122555,-26.001176,2.405466
19.130754,-26.001176,3.889444
19.130866,-35.044150,-4.829596
19.131840,-29.015501,-3.139436
19.149189,-26.001176,3.215374
19.162113,-34.290569,-4.893757
19.194916,-33.536988,-4.876894
19.198356,-29.769082,-3.611135
19.201590,-29.015501,9.484496
19.217983,-27.508339,-1.365339
19.223951,-32.783407,-4.779176
19.228334,-26.754758,0.056183
19.236091,-30.522663,-4.014626
19.243931,-32.029826,-4.601579
19.249662,-31.276244,-4.345877
19.262548,-26.754758,6.248482
19.267977,-27.508339,7.682860
19.273380,-29.769082,9.967219
19.395469,-28.261920,-2.010900
19.411070,-26.754758,0.817940
19.436841,-26.754758,5.482158
19.452641,-28.261920,8.336582
19.496533,-27.508339,-0.674009
19.532211,-29.015501,-2.604242
19.538848,-27.508339,6.984501
19.542916,-26.754758,1.603651
19.559987,-26.754758,4.693184
19.595991,-29.015501,8.939134
19.622555,-26.754758,2.405466
19.630754,-26.754758,3.889444
19.631840,-29.769082,-3.139436
19.649189,-26.754758,3.215374
19.662113,-35.044150,-4.893757
19.694916,-34.290569,-4.876894
19.698356,-30.522663,-3.611135
19.701590,-29.769082,9.484496
19.717983,-28.261920,-1.365339
19.723951,-33.536988,-4.779176
19.728334,-27.508339,0.056183
19.736091,-31.276244,-4.014626
19.743931,-32.783407,-4.601579
19.749662,-32.029826,-4.345877
19.751739,-35.044150,11.327342
19.762548,-27.508339,6.248482
19.767977,-28.261920,7.682860
19.773380,-30.522663,9.967219
19.895469,-29.015501,-2.010900
19.911070,-27.508339,0.817940
19.936841,-27.508339,5.482158
19.952641,-29.015501,8.336582
19.996533,-28.261920,-0.674009
20.032211,-29.769082,-2.604242
20.038848,-28.261920,6.984501
20.042916,-27.508339,1.603651
20.059987,-27.508339,4.693184
20.122555,-27.508339,2.405466
20.130754,-27.508339,3.889444
20.131840,-30.522663,-3.139436
20.149189,-27.508339,3.215374
20.194916,-35.044150,-4.876894
20.198356,-31.276244,-3.611135
20.217983,-29.015501,-1.365339
20.223951,-34.290569,-4.779176
20.228334,-28.261920,0.056183
20.236091,-32.029826,-4.014626
20.243931,-33.536988,-4.601579
20.249662,-32.783407,-4.345877
20.262548,-28.261920,6.248482
20.267977,-29.015501,7.682860
20.395469,-29.769082,-2.010900
20.411070,-28.261920,0.817940
20.436841,-28.261920,5.482158
20.496533,-29.015501,-0.674009
20.532211,-30.522663,-2.604242
20.538848,-29.015501,6.984501
20.542916,-28.261920,1.603651
20.559987,-28.261920,4.693184
20.622555,-28.261920,2.405466
20.630754,-28.261920,3.889444
20.631840,-31.276244,-3.139436
20.649189,-28.261920,3.215374
20.698356,-32.029826,-3.611135
20.717983,-29.769082,-1.365339
20.723951,-35.044150,-4.779176
20.728334,-29.015501,0.056183
20.736091,-32.783407,-4.014626
20.743931,-34.290569,-4.601579
20.749662,-33.536988,-4.345877
20.767977,-29.769082,7.682860
20.815638,-32.783407,10.382480
20.895469,-30.522663,-2.010900
20.911070,-29.015501,0.817940
20.996533,-29.769082,-0.674009
21.032211,-31.276244,-2.604242
21.038848,-29.769082,6.984501
21.042916,-29.015501,1.603651
21.122555,-29.015501,2.405466
21.130754,-29.015501,3.889444
21.131840,-32.029826,-3.139436
21.149189,-29.015501,3.215374
21.198356,-32.783407,-3.611135
21.217983,-30.522663,-1.365339
21.228334,-29.769082,0.056183
21.236091,-33.536988,-4.014626
21.243931,-35.044150,-4.601579
21.249662,-34.290569,-4.345877
21.262548,-29.769082,6.248482
21.332939,-34.290569,10.726129
21.395469,-31.276244,-2.010900
21.411070,-29.769082,0.817940
21.436841,-29.769082,5.482158
21.496533,-30.522663,-0.674009
21.532211,-32.029826,-2.604242
21.542916,-29.769082,1.603651
21.622555,-29.769082,2.405466
21.630754,-29.769082,3.889444
21.631840,-32.783407,-3.139436
21.698356,-33.536988,-3.611135
21.701590,-32.783407,9.484496
21.717983,-31.276244,-1.365339
21.728334,-30.522663,0.056183
21.736091,-34.290569,-4.014626
21.749662,-35.044150,-4.345877
21.767977,-31.276244,7.682860
21.832939,-35.044150,10.726129
21.895469,-32.029826,-2.010900
21.911070,-30.522663,0.817940
21.936841,-30.522663,5.482158
21.996533,-31.276244,-0.674009
22.032211,-32.783407,-2.604242
22.038848,-31.276244,6.984501
22.130754,-30.522663,3.889444
22.131840,-33.536988,-3.139436
22.198356,-34.290569,-3.611135
22.201590,-33.536988,9.484496
22.217983,-32.029826,-1.365339
22.236091,-35.044150,-4.014626
22.262548,-31.276244,6.248482
22.395469,-32.783407,-2.010900
22.436841,-31.276244,5.482158
22.452641,-32.783407,8.336582
22.496533,-32.029826,-0.674009
22.532211,-33.536988,-2.604242
22.630754,-31.276244,3.889444
22.631840,-34.290569,-3.139436
22.698356,-35.044150,-3.611135
22.701590,-34.290569,9.484496
22.717983,-32.783407,-1.365339
22.895469,-33.536988,-2.010900
22.936841,-32.029826,5.482158
22.952641,-33.536988,8.336582
22.996533,-32.783407,-0.674009
23.032211,-34.290569,-2.604242
23.038848,-32.783407,6.984501
23.130754,-32.029826,3.889444
23.131840,-35.044150,-3.139436
23.201590,-35.044150,9.484496
23.217983,-33.536988,-1.365339
23.262548,-32.783407,6.248482
23.395469,-34.290569,-2.010900
23.436841,-32.783407,5.482158
23.452641,-34.290569,8.336582
23.496533,-33.536988,-0.674009
23.532211,-35.044150,-2.604242
23.538848,-33.536988,6.984501
23.559987,-32.783407,4.693184
23.595991,-35.044150,8.939134
23.630754,-32.783407,3.889444
23.649189,-32.783407,3.215374
23.717983,-34.290569,-1.365339
23.895469,-35.044150,-2.010900
23.936841,-33.536988,5.482158
23.952641,-35.044150,8.336582
23.996533,-34.290569,-0.674009
24.038848,-34.290569,6.984501
24.130754,-33.536988,3.889444
24.217983,-35.044150,-1.365339
24.262548,-34.290569,6.248482
24.436841,-34.290569,5.482158
24.496533,-35.044150,-0.674009
24.630754,-34.290569,3.889444
24.936841,-35.044150,5.482158
25.042916,-35.044150,1.603651
25.122555,-35.044150,2.405466
25.130754,-35.044150,3.889444
