-21.899506,-30.272671,5.264949
-21.777889,-30.272671,6.044264
-21.487602,-29.518210,3.805229
-21.343045,-30.272671,-0.036545
-21.067952,-30.272671,-0.719412
-20.987602,-28.763748,3.805229
-20.969395,-28.763748,4.471048
-20.899506,-28.763748,5.264949
-20.884835,-29.518210,7.528218
-20.843045,-29.518210,-0.036545
-20.749440,-30.272671,-1.357071
-20.567952,-29.518210,-0.719412
-20.487602,-28.009287,3.805229
-20.390690,-30.272671,-1.943150
-20.343045,-28.763748,-0.036545
-20.249440,-29.518210,-1.357071
-20.117325,-28.763748,8.218029
-20.105759,-28.009287,6.801209
-20.067952,-28.763748,-0.719412
-19.995288,-30.272671,-2.471793
-19.987602,-27.254826,3.805229
-19.961298,-27.254826,3.005235
-19.953679,-29.518210,9.458924
-19.899506,-27.254826,5.264949
-19.890690,-29.518210,-1.943150
-19.884835,-28.009287,7.528218
-19.843045,-28.009287,-0.036545
-19.805903,-28.763748,8.863748
-19.749440,-28.763748,-1.357071
-19.567952,-28.009287,-0.719412
-19.567183,-30.272671,-2.937718
-19.564172,-29.518210,9.997610
-19.495288,-29.518210,-2.471793
-19.487602,-26.500365,3.805229
-19.453679,-28.763748,9.458924
-19.399506,-26.500365,5.264949
-19.390690,-28.763748,-1.943150
-19.343045,-27.254826,-0.036545
-19.277889,-26.500365,6.044264
-19.249440,-28.009287,-1.357071
-19.141276,-29.518210,10.474424
-19.117325,-27.254826,8.218029
-19.110655,-30.272671,-3.336270
-19.105759,-26.500365,6.801209
-19.071969,-26.500365,0.684708
-19.067952,-27.254826,-0.719412
-19.067183,-29.518210,-2.937718
-18.995288,-28.763748,-2.471793
-18.987602,-25.745903,3.805229
-18.953679,-28.009287,9.458924
-18.899506,-25.745903,5.264949
-18.890690,-28.009287,-1.943150
-18.843045,-26.500365,-0.036545
-18.805903,-27.254826,8.863748
-18.749440,-27.254826,-1.357071
-18.689215,-29.518210,10.884602
-18.630263,-30.272671,-3.663466
-18.617325,-26.500365,8.218029
-18.610655,-29.518210,-3.336270
-18.605759,-25.745903,6.801209
-18.567952,-26.500365,-0.719412
-18.567183,-28.763748,-2.937718
-18.564172,-28.009287,9.997610
-18.495288,-28.009287,-2.471793
-18.487602,-24.991442,3.805229
-18.469395,-24.991442,4.471048
-18.453679,-27.254826,9.458924
-18.399506,-24.991442,5.264949
-18.390690,-27.254826,-1.943150
-18.343045,-25.745903,-0.036545
-18.277889,-24.991442,6.044264
-18.249440,-26.500365,-1.357071
-18.189215,-28.763748,10.884602
-18.141276,-28.009287,10.474424
-18.130808,-30.272671,-3.916038
-18.130263,-29.518210,-3.663466
-18.117325,-25.745903,8.218029
-18.110655,-28.763748,-3.336270
-18.105759,-24.991442,6.801209
-18.067952,-25.745903,-0.719412
-18.067183,-28.009287,-2.937718
-17.995288,-27.254826,-2.471793
-17.953679,-26.500365,9.458924
-17.899506,-24.236981,5.264949
-17.890690,-26.500365,-1.943150
-17.843045,-24.991442,-0.036545
-17.805903,-25.745903,8.863748
-17.749440,-25.745903,-1.357071
-17.689215,-28.009287,10.884602
-17.630808,-29.518210,-3.916038
-17.630263,-28.763748,-3.663466
-17.617325,-24.991442,8.218029
-17.617280,-30.272671,-4.091461
-17.610655,-28.009287,-3.336270
-17.605759,-24.236981,6.801209
-17.571969,-24.236981,0.684708
-17.567952,-24.991442,-0.719412
-17.567183,-27.254826,-2.937718
-17.564172,-26.500365,9.997610
-17.495288,-26.500365,-2.471793
-17.487602,-23.482519,3.805229
-17.461298,-23.482519,3.005235
-17.453679,-25.745903,9.458924
-17.399506,-23.482519,5.264949
-17.390690,-25.745903,-1.943150
-17.382648,-23.482519,2.213235
-17.343045,-24.236981,-0.036545
-17.252438,-23.482519,1.437141
-17.249440,-24.991442,-1.357071
-17.189215,-27.254826,10.884602
-17.130808,-28.763748,-3.916038
-17.130263,-28.009287,-3.663466
-17.117325,-24.236981,8.218029
-17.117280,-29.518210,-4.091461
-17.110655,-27.254826,-3.336270
-17.105759,-23.482519,6.801209
-17.094810,-30.272671,-4.187983
-17.071969,-23.482519,0.684708
-17.067952,-24.236981,-0.719412
-17.067183,-26.500365,-2.937718
-16.995288,-25.745903,-2.471793
-16.953679,-24.991442,9.458924
-16.899506,-22.728058,5.264949
-16.890690,-24.991442,-1.943150
-16.882648,-22.728058,2.213235
-16.843045,-23.482519,-0.036545
-16.805903,-24.236981,8.863748
-16.752438,-22.728058,1.437141
-16.749440,-24.236981,-1.357071
-16.689215,-26.500365,10.884602
-16.630808,-28.009287,-3.916038
-16.630263,-27.254826,-3.663466
-16.617325,-23.482519,8.218029
-16.617280,-28.763748,-4.091461
-16.610655,-26.500365,-3.336270
-16.605759,-22.728058,6.801209
-16.594810,-29.518210,-4.187983
-16.571969,-22.728058,0.684708
-16.568620,-30.272671,-4.204639
-16.567952,-23.482519,-0.719412
-16.567183,-25.745903,-2.937718
-16.495288,-24.991442,-2.471793
-16.487602,-21.973597,3.805229
-16.469395,-21.973597,4.471048
-16.461298,-21.973597,3.005235
-16.453679,-24.236981,9.458924
-16.399506,-21.973597,5.264949
-16.390690,-24.236981,-1.943150
-16.382648,-21.973597,2.213235
-16.343045,-22.728058,-0.036545
-16.277889,-21.973597,6.044264
-16.252438,-21.973597,1.437141
-16.249440,-23.482519,-1.357071
-16.189215,-25.745903,10.884602
-16.130808,-27.254826,-3.916038
-16.130263,-26.500365,-3.663466
-16.117325,-22.728058,8.218029
-16.117280,-28.009287,-4.091461
-16.110655,-25.745903,-3.336270
-16.105759,-21.973597,6.801209
-16.094810,-28.763748,-4.187983
-16.071969,-21.973597,0.684708
-16.068620,-29.518210,-4.204639
-16.067952,-22.728058,-0.719412
-16.067183,-24.991442,-2.937718
-16.064172,-24.236981,9.997610
-16.043965,-30.272671,-4.141264
-15.995288,-24.236981,-2.471793
-15.987602,-21.219136,3.805229
-15.969395,-21.219136,4.471048
-15.961298,-21.219136,3.005235
-15.953679,-23.482519,9.458924
-15.899506,-21.219136,5.264949
-15.890690,-23.482519,-1.943150
-15.884835,-21.973597,7.528218
-15.882648,-21.219136,2.213235
-15.843045,-21.973597,-0.036545
-15.805903,-22.728058,8.863748
-15.777889,-21.219136,6.044264
-15.752438,-21.219136,1.437141
-15.749440,-22.728058,-1.357071
-15.689215,-24.991442,10.884602
-15.630808,-26.500365,-3.916038
-15.630263,-25.745903,-3.663466
-15.617325,-21.973597,8.218029
-15.617280,-27.254826,-4.091461
-15.610655,-24.991442,-3.336270
-15.605759,-21.219136,6.801209
-15.594810,-28.009287,-4.187983
-15.571969,-21.219136,0.684708
-15.568620,-28.763748,-4.204639
-15.567952,-21.973597,-0.719412
-15.567183,-24.236981,-2.937718
-15.564172,-23.482519,9.997610
-15.543965,-29.518210,-4.141264
-15.526089,-30.272671,-3.998490
-15.495288,-23.482519,-2.471793
-15.487602,-20.464674,3.805229
-15.469395,-20.464674,4.471048
-15.461298,-20.464674,3.005235
-15.453679,-22.728058,9.458924
-15.399506,-20.464674,5.264949
-15.390690,-22.728058,-1.943150
-15.384835,-21.219136,7.528218
-15.382648,-20.464674,2.213235
-15.343045,-21.219136,-0.036545
-15.305903,-21.973597,8.863748
-15.277889,-20.464674,6.044264
-15.252438,-20.464674,1.437141
-15.249440,-21.973597,-1.357071
-15.189215,-24.236981,10.884602
-15.141276,-23.482519,10.474424
-15.130808,-25.745903,-3.916038
-15.130263,-24.991442,-3.663466
-15.117325,-21.219136,8.218029
-15.117280,-26.500365,-4.091461
-15.110655,-24.236981,-3.336270
-15.105759,-20.464674,6.801209
-15.094810,-27.254826,-4.187983
-15.071969,-20.464674,0.684708
-15.068620,-28.009287,-4.204639
-15.067952,-21.219136,-0.719412
-15.067183,-23.482519,-2.937718
-15.064172,-22.728058,9.997610
-15.043965,-28.763748,-4.141264
-15.026089,-29.518210,-3.998490
-15.020165,-30.272671,-3.777743
-14.995288,-22.728058,-2.471793
-14.987602,-19.710213,3.805229
-14.969395,-19.710213,4.471048
-14.961298,-19.710213,3.005235
-14.953679,-21.973597,9.458924
-14.899506,-19.710213,5.264949
-14.890690,-21.973597,-1.943150
-14.884835,-20.464674,7.528218
-14.882648,-19.710213,2.213235
-14.843045,-20.464674,-0.036545
-14.805903,-21.219136,8.863748
-14.777889,-19.710213,6.044264
-14.752438,-19.710213,1.437141
-14.749440,-21.219136,-1.357071
-14.715912,-24.991442,11.489362
-14.712506,-24.236981,11.224045
-14.689215,-23.482519,10.884602
-14.641276,-22.728058,10.474424
-14.630808,-24.991442,-3.916038
-14.630263,-24.236981,-3.663466
-14.617325,-20.464674,8.218029
-14.617280,-25.745903,-4.091461
-14.610655,-23.482519,-3.336270
-14.605759,-19.710213,6.801209
-14.594810,-26.500365,-4.187983
-14.571969,-19.710213,0.684708
-14.568620,-27.254826,-4.204639
-14.567952,-20.464674,-0.719412
-14.567183,-22.728058,-2.937718
-14.564172,-21.973597,9.997610
-14.543965,-28.009287,-4.141264
-14.531249,-30.272671,-3.481231
-14.526089,-28.763748,-3.998490
-14.520165,-29.518210,-3.777743
-14.495288,-21.973597,-2.471793
-14.487602,-18.955752,3.805229
-14.469395,-18.955752,4.471048
-14.461298,-18.955752,3.005235
-14.453679,-21.219136,9.458924
-14.399506,-18.955752,5.264949
-14.390690,-21.219136,-1.943150
-14.384835,-19.710213,7.528218
-14.382648,-18.955752,2.213235
-14.343045,-19.710213,-0.036545
-14.305903,-20.464674,8.863748
-14.277889,-18.955752,6.044264
-14.252438,-18.955752,1.437141
-14.249440,-20.464674,-1.357071
-14.215912,-24.236981,11.489362
-14.212506,-23.482519,11.224045
-14.204395,-24.991442,11.677901
-14.189215,-22.728058,10.884602
-14.141276,-21.973597,10.474424
-14.130808,-24.236981,-3.916038
-14.130263,-23.482519,-3.663466
-14.117325,-19.710213,8.218029
-14.117280,-24.991442,-4.091461
-14.110655,-22.728058,-3.336270
-14.105759,-18.955752,6.801209
-14.094810,-25.745903,-4.187983
-14.071969,-18.955752,0.684708
-14.068620,-26.500365,-4.204639
-14.067952,-19.710213,-0.719412
-14.067183,-21.973597,-2.937718
-14.064226,-30.272671,-3.111914
-14.064172,-21.219136,9.997610
-14.043965,-27.254826,-4.141264
-14.031249,-29.518210,-3.481231
-14.026089,-28.009287,-3.998490
-14.020165,-28.763748,-3.777743
-13.995288,-21.219136,-2.471793
-13.987602,-18.201290,3.805229
-13.969395,-18.201290,4.471048
-13.961298,-18.201290,3.005235
-13.953679,-20.464674,9.458924
-13.899506,-18.201290,5.264949
-13.890690,-20.464674,-1.943150
-13.884835,-18.955752,7.528218
-13.882648,-18.201290,2.213235
-13.843045,-18.955752,-0.036545
-13.805903,-19.710213,8.863748
-13.777889,-18.201290,6.044264
-13.752438,-18.201290,1.437141
-13.749440,-19.710213,-1.357071
-13.715912,-23.482519,11.489362
-13.712506,-22.728058,11.224045
-13.704395,-24.236981,11.677901
-13.689215,-21.973597,10.884602
-13.683065,-24.991442,11.787779
-13.641276,-21.219136,10.474424
-13.630808,-23.482519,-3.916038
-13.630263,-22.728058,-3.663466
-13.623763,-30.272671,-2.673483
-13.617325,-18.955752,8.218029
-13.617280,-24.236981,-4.091461
-13.610655,-21.973597,-3.336270
-13.605759,-18.201290,6.801209
-13.594810,-24.991442,-4.187983
-13.571969,-18.201290,0.684708
-13.568620,-25.745903,-4.204639
-13.567952,-18.955752,-0.719412
-13.567183,-21.219136,-2.937718
-13.564226,-29.518210,-3.111914
-13.564172,-20.464674,9.997610
-13.543965,-26.500365,-4.141264
-13.531249,-28.763748,-3.481231
-13.526089,-27.254826,-3.998490
-13.520165,-28.009287,-3.777743
-13.495288,-20.464674,-2.471793
-13.487602,-17.446829,3.805229
-13.469395,-17.446829,4.471048
-13.461298,-17.446829,3.005235
-13.453679,-19.710213,9.458924
-13.399506,-17.446829,5.264949
-13.390690,-19.710213,-1.943150
-13.384835,-18.201290,7.528218
-13.382648,-17.446829,2.213235
-13.343045,-18.201290,-0.036545
-13.305903,-18.955752,8.863748
-13.277889,-17.446829,6.044264
-13.252438,-17.446829,1.437141
-13.249440,-18.955752,-1.357071
-13.215912,-22.728058,11.489362
-13.214259,-30.272671,-2.170320
-13.212506,-21.973597,11.224045
-13.204395,-23.482519,11.677901
-13.189215,-21.219136,10.884602
-13.183065,-24.236981,11.787779
-13.141276,-20.464674,10.474424
-13.130808,-22.728058,-3.916038
-13.130263,-21.973597,-3.663466
-13.123763,-29.518210,-2.673483
-13.117325,-18.201290,8.218029
-13.117280,-23.482519,-4.091461
-13.110655,-21.219136,-3.336270
-13.105759,-17.446829,6.801209
-13.094810,-24.236981,-4.187983
-13.071969,-17.446829,0.684708
-13.068620,-24.991442,-4.204639
-13.067952,-18.201290,-0.719412
-13.067183,-20.464674,-2.937718
-13.064226,-28.763748,-3.111914
-13.064172,-19.710213,9.997610
-13.043965,-25.745903,-4.141264
-13.031249,-28.009287,-3.481231
-13.026089,-26.500365,-3.998490
-13.020165,-27.254826,-3.777743
-12.995288,-19.710213,-2.471793
-12.987602,-16.692368,3.805229
-12.969395,-16.692368,4.471048
-12.961298,-16.692368,3.005235
-12.953679,-18.955752,9.458924
-12.899506,-16.692368,5.264949
-12.890690,-18.955752,-1.943150
-12.884835,-17.446829,7.528218
-12.882648,-16.692368,2.213235
-12.843045,-17.446829,-0.036545
-12.839807,-30.272671,-1.607450
-12.805903,-18.201290,8.863748
-12.777889,-16.692368,6.044264
-12.752438,-16.692368,1.437141
-12.749440,-18.201290,-1.357071
-12.715912,-21.973597,11.489362
-12.714259,-29.518210,-2.170320
-12.712506,-21.219136,11.224045
-12.704395,-22.728058,11.677901
-12.689215,-20.464674,10.884602
-12.683065,-23.482519,11.787779
-12.657133,-24.236981,11.817898
-12.641276,-19.710213,10.474424
-12.630808,-21.973597,-3.916038
-12.630263,-21.219136,-3.663466
-12.623763,-28.763748,-2.673483
-12.617325,-17.446829,8.218029
-12.617280,-22.728058,-4.091461
-12.610655,-20.464674,-3.336270
-12.605759,-16.692368,6.801209
-12.594810,-23.482519,-4.187983
-12.571969,-16.692368,0.684708
-12.568620,-24.236981,-4.204639
-12.567952,-17.446829,-0.719412
-12.567183,-19.710213,-2.937718
-12.564226,-28.009287,-3.111914
-12.564172,-18.955752,9.997610
-12.543965,-24.991442,-4.141264
-12.531249,-27.254826,-3.481231
-12.526089,-25.745903,-3.998490
-12.520165,-26.500365,-3.777743
-12.504149,-30.272671,-0.990499
-12.495288,-18.955752,-2.471793
-12.453679,-18.201290,9.458924
-12.390690,-18.201290,-1.943150
-12.384835,-16.692368,7.528218
-12.343045,-16.692368,-0.036545
-12.339807,-29.518210,-1.607450
-12.305903,-17.446829,8.863748
-12.249440,-17.446829,-1.357071
-12.215912,-21.219136,11.489362
-12.214259,-28.763748,-2.170320
-12.212506,-20.464674,11.224045
-12.210637,-30.272671,-0.325631
-12.204395,-21.973597,11.677901
-12.189215,-19.710213,10.884602
-12.183065,-22.728058,11.787779
-12.157133,-23.482519,11.817898
-12.141276,-18.955752,10.474424
-12.131852,-24.236981,11.767957
-12.130808,-21.219136,-3.916038
-12.130263,-20.464674,-3.663466
-12.123763,-28.009287,-2.673483
-12.117325,-16.692368,8.218029
-12.117280,-21.973597,-4.091461
-12.112472,-24.991442,11.638456
-12.110655,-19.710213,-3.336270
-12.094810,-22.728058,-4.187983
-12.068620,-23.482519,-4.204639
-12.067952,-16.692368,-0.719412
-12.067183,-18.955752,-2.937718
-12.064226,-27.254826,-3.111914
-12.064172,-18.201290,9.997610
-12.043965,-24.236981,-4.141264
-12.031249,-26.500365,-3.481231
-12.026089,-24.991442,-3.998490
-12.020165,-25.745903,-3.777743
-12.004149,-29.518210,-0.990499
-11.995288,-18.201290,-2.471793
-11.953679,-17.446829,9.458924
-11.890690,-17.446829,-1.943150
-11.839807,-28.763748,-1.607450
-11.805903,-16.692368,8.863748
-11.749440,-16.692368,-1.357071
-11.715912,-20.464674,11.489362
-11.714259,-28.009287,-2.170320
-11.712506,-19.710213,11.224045
-11.710637,-29.518210,-0.325631
-11.704395,-21.219136,11.677901
-11.689215,-18.955752,10.884602
-11.683065,-21.973597,11.787779
-11.657133,-22.728058,11.817898
-11.641276,-18.201290,10.474424
-11.631938,-30.272671,5.852952
-11.631852,-23.482519,11.767957
-11.630808,-20.464674,-3.916038
-11.630263,-19.710213,-3.663466
-11.623763,-27.254826,-2.673483
-11.617280,-21.219136,-4.091461
-11.612472,-24.236981,11.638456
-11.610655,-18.955752,-3.336270
-11.604181,-24.991442,11.430687
-11.594810,-21.973597,-4.187983
-11.568620,-22.728058,-4.204639
-11.567183,-18.201290,-2.937718
-11.564226,-26.500365,-3.111914
-11.564172,-17.446829,9.997610
-11.543965,-23.482519,-4.141264
-11.531249,-25.745903,-3.481231
-11.526089,-24.236981,-3.998490
-11.520165,-24.991442,-3.777743
-11.504149,-28.763748,-0.990499
-11.495288,-17.446829,-2.471793
-11.461676,-30.272671,3.472031
-11.453679,-16.692368,9.458924
-11.390690,-16.692368,-1.943150
-11.339807,-28.009287,-1.607450
-11.215912,-19.710213,11.489362
-11.214259,-27.254826,-2.170320
-11.212506,-18.955752,11.224045
-11.210637,-28.763748,-0.325631
-11.204395,-20.464674,11.677901
-11.189215,-18.201290,10.884602
-11.183065,-21.219136,11.787779
-11.157133,-21.973597,11.817898
-11.141276,-17.446829,10.474424
-11.141021,-25.745903,10.789413
-11.131852,-22.728058,11.767957
-11.130808,-19.710213,-3.916038
-11.130263,-18.955752,-3.663466
-11.123763,-26.500365,-2.673483
-11.117280,-20.464674,-4.091461
-11.112472,-23.482519,11.638456
-11.112058,-24.991442,11.146727
-11.110655,-18.201290,-3.336270
-11.104181,-24.236981,11.430687
-11.094810,-21.219136,-4.187983
-11.068620,-21.973597,-4.204639
-11.067183,-17.446829,-2.937718
-11.064226,-25.745903,-3.111914
-11.064172,-16.692368,9.997610
-11.043965,-22.728058,-4.141264
-11.031249,-24.991442,-3.481231
-11.026089,-23.482519,-3.998490
-11.020165,-24.236981,-3.777743
-11.009814,-29.518210,2.674394
-11.004149,-28.009287,-0.990499
-10.995288,-16.692368,-2.471793
-10.839807,-27.254826,-1.607450
-10.715912,-18.955752,11.489362
-10.714259,-26.500365,-2.170320
-10.712506,-18.201290,11.224045
-10.710637,-28.009287,-0.325631
-10.704395,-19.710213,11.677901
-10.689215,-17.446829,10.884602
-10.683065,-20.464674,11.787779
-10.657133,-21.219136,11.817898
-10.641276,-16.692368,10.474424
-10.641021,-24.991442,10.789413
-10.631852,-21.973597,11.767957
-10.630808,-18.955752,-3.916038
-10.630263,-18.201290,-3.663466
-10.623763,-25.745903,-2.673483
-10.617280,-19.710213,-4.091461
-10.612472,-22.728058,11.638456
-10.612058,-24.236981,11.146727
-10.610655,-17.446829,-3.336270
-10.604181,-23.482519,11.430687
-10.594810,-20.464674,-4.187983
-10.568620,-21.219136,-4.204639
-10.567183,-16.692368,-2.937718
-10.564226,-24.991442,-3.111914
-10.543965,-21.973597,-4.141264
-10.531249,-24.236981,-3.481231
-10.526089,-22.728058,-3.998490
-10.520165,-23.482519,-3.777743
-10.504149,-27.254826,-0.990499
-10.462205,-28.009287,0.380512
-10.461676,-28.763748,3.472031
-10.339807,-26.500365,-1.607450
-10.261335,-28.009287,1.120873
-10.215912,-18.201290,11.489362
-10.214259,-25.745903,-2.170320
-10.212506,-17.446829,11.224045
-10.210637,-27.254826,-0.325631
-10.204395,-18.955752,11.677901
-10.195776,-24.991442,10.362316
-10.189215,-16.692368,10.884602
-10.183065,-19.710213,11.787779
-10.157133,-20.464674,11.817898
-10.141021,-24.236981,10.789413
-10.131852,-21.219136,11.767957
-10.130808,-18.201290,-3.916038
-10.130263,-17.446829,-3.663466
-10.123763,-24.991442,-2.673483
-10.117280,-18.955752,-4.091461
-10.112472,-21.973597,11.638456
-10.112058,-23.482519,11.146727
-10.110655,-16.692368,-3.336270
-10.110034,-28.009287,1.888056
-10.104181,-22.728058,11.430687
-10.094810,-19.710213,-4.187983
-10.068620,-20.464674,-4.204639
-10.064226,-24.236981,-3.111914
-10.043965,-21.219136,-4.141264
-10.031249,-23.482519,-3.481231
-10.026089,-21.973597,-3.998490
-10.020165,-22.728058,-3.777743
-10.009814,-28.009287,2.674394
-10.004149,-26.500365,-0.990499
-9.966101,-28.009287,4.272997
-9.962205,-27.254826,0.380512
-9.839807,-25.745903,-1.607450
-9.780772,-24.991442,9.869702
-9.761335,-27.254826,1.120873
-9.715912,-17.446829,11.489362
-9.714259,-24.991442,-2.170320
-9.712506,-16.692368,11.224045
-9.710637,-26.500365,-0.325631
-9.704395,-18.201290,11.677901
-9.695776,-24.236981,10.362316
-9.683065,-18.955752,11.787779
-9.657133,-19.710213,11.817898
-9.641021,-23.482519,10.789413
-9.631852,-20.464674,11.767957
-9.630808,-17.446829,-3.916038
-9.630263,-16.692368,-3.663466
-9.623763,-24.236981,-2.673483
-9.617280,-18.201290,-4.091461
-9.612472,-21.219136,11.638456
-9.612058,-22.728058,11.146727
-9.610034,-27.254826,1.888056
-9.604181,-21.973597,11.430687
-9.594810,-18.955752,-4.187983
-9.568620,-19.710213,-4.204639
-9.564226,-23.482519,-3.111914
-9.557727,-25.745903,8.708220
-9.543965,-20.464674,-4.141264
-9.531249,-22.728058,-3.481231
-9.526089,-21.219136,-3.998490
-9.520165,-21.973597,-3.777743
-9.509814,-27.254826,2.674394
-9.504149,-25.745903,-0.990499
-9.466101,-27.254826,4.272997
-9.462205,-26.500365,0.380512
-9.461676,-27.254826,3.472031
-9.400154,-24.991442,9.316495
-9.339807,-24.991442,-1.607450
-9.291693,-26.500365,6.616154
-9.280772,-24.236981,9.869702
-9.261335,-26.500365,1.120873
-9.256912,-25.745903,8.050956
-9.215912,-16.692368,11.489362
-9.214259,-24.236981,-2.170320
-9.210637,-25.745903,-0.325631
-9.204395,-17.446829,11.677901
-9.195776,-23.482519,10.362316
-9.183065,-18.201290,11.787779
-9.157133,-18.955752,11.817898
-9.141021,-22.728058,10.789413
-9.131938,-26.500365,5.852952
-9.131852,-19.710213,11.767957
-9.130808,-16.692368,-3.916038
-9.123763,-23.482519,-2.673483
-9.117280,-17.446829,-4.091461
-9.112472,-20.464674,11.638456
-9.112058,-21.973597,11.146727
-9.110034,-26.500365,1.888056
-9.104181,-21.219136,11.430687
-9.094810,-18.201290,-4.187983
-9.068620,-18.955752,-4.204639
-9.064226,-22.728058,-3.111914
-9.057727,-24.991442,8.708220
-9.043965,-19.710213,-4.141264
-9.031249,-21.973597,-3.481231
-9.026089,-20.464674,-3.998490
-9.023044,-26.500365,5.069290
-9.020165,-21.219136,-3.777743
-9.009814,-26.500365,2.674394
-9.004149,-24.991442,-0.990499
-9.000714,-25.745903,7.351271
-8.966101,-26.500365,4.272997
-8.962205,-25.745903,0.380512
-8.961676,-26.500365,3.472031
-8.900154,-24.236981,9.316495
-8.839807,-24.236981,-1.607450
-8.791693,-25.745903,6.616154
-8.780772,-23.482519,9.869702
-8.761335,-25.745903,1.120873
-8.756912,-24.991442,8.050956
-8.714259,-23.482519,-2.170320
-8.710637,-24.991442,-0.325631
-8.704395,-16.692368,11.677901
-8.695776,-22.728058,10.362316
-8.683065,-17.446829,11.787779
-8.657133,-18.201290,11.817898
-8.641021,-21.973597,10.789413
-8.631938,-25.745903,5.852952
-8.631852,-18.955752,11.767957
-8.623763,-22.728058,-2.673483
-8.617280,-16.692368,-4.091461
-8.612472,-19.710213,11.638456
-8.612058,-21.219136,11.146727
-8.610034,-25.745903,1.888056
-8.604181,-20.464674,11.430687
-8.594810,-17.446829,-4.187983
-8.568620,-18.201290,-4.204639
-8.564226,-21.973597,-3.111914
-8.557727,-24.236981,8.708220
-8.543965,-18.955752,-4.141264
-8.531249,-21.219136,-3.481231
-8.526089,-19.710213,-3.998490
-8.523044,-25.745903,5.069290
-8.520165,-20.464674,-3.777743
-8.509814,-25.745903,2.674394
-8.504149,-24.236981,-0.990499
-8.500714,-24.991442,7.351271
-8.466101,-25.745903,4.272997
-8.462205,-24.991442,0.380512
-8.461676,-25.745903,3.472031
-8.400154,-23.482519,9.316495
-8.339807,-23.482519,-1.607450
-8.291693,-24.991442,6.616154
-8.280772,-22.728058,9.869702
-8.261335,-24.991442,1.120873
-8.256912,-24.236981,8.050956
-8.214259,-22.728058,-2.170320
-8.210637,-24.236981,-0.325631
-8.195776,-21.973597,10.362316
-8.183065,-16.692368,11.787779
-8.157133,-17.446829,11.817898
-8.141021,-21.219136,10.789413
-8.131938,-24.991442,5.852952
-8.131852,-18.201290,11.767957
-8.123763,-21.973597,-2.673483
-8.112472,-18.955752,11.638456
-8.112058,-20.464674,11.146727
-8.110034,-24.991442,1.888056
-8.104181,-19.710213,11.430687
-8.094810,-16.692368,-4.187983
-8.068620,-17.446829,-4.204639
-8.064226,-21.219136,-3.111914
-8.057727,-23.482519,8.708220
-8.043965,-18.201290,-4.141264
-8.031249,-20.464674,-3.481231
-8.026089,-18.955752,-3.998490
-8.023044,-24.991442,5.069290
-8.020165,-19.710213,-3.777743
-8.009814,-24.991442,2.674394
-8.004149,-23.482519,-0.990499
-8.000714,-24.236981,7.351271
-7.966101,-24.991442,4.272997
-7.962205,-24.236981,0.380512
-7.961676,-24.991442,3.472031
-7.900154,-22.728058,9.316495
-7.839807,-22.728058,-1.607450
-7.791693,-24.236981,6.616154
-7.780772,-21.973597,9.869702
-7.761335,-24.236981,1.120873
-7.756912,-23.482519,8.050956
-7.714259,-21.973597,-2.170320
-7.710637,-23.482519,-0.325631
-7.695776,-21.219136,10.362316
-7.657133,-16.692368,11.817898
-7.641021,-20.464674,10.789413
-7.631938,-24.236981,5.852952
-7.631852,-17.446829,11.767957
-7.623763,-21.219136,-2.673483
-7.612472,-18.201290,11.638456
-7.612058,-19.710213,11.146727
-7.610034,-24.236981,1.888056
-7.604181,-18.955752,11.430687
-7.568620,-16.692368,-4.204639
-7.564226,-20.464674,-3.111914
-7.557727,-22.728058,8.708220
-7.543965,-17.446829,-4.141264
-7.531249,-19.710213,-3.481231
-7.526089,-18.201290,-3.998490
-7.523044,-24.236981,5.069290
-7.520165,-18.955752,-3.777743
-7.509814,-24.236981,2.674394
-7.504149,-22.728058,-0.990499
-7.500714,-23.482519,7.351271
-7.466101,-24.236981,4.272997
-7.462205,-23.482519,0.380512
-7.461676,-24.236981,3.472031
-7.400154,-21.973597,9.316495
-7.339807,-21.973597,-1.607450
-7.291693,-23.482519,6.616154
-7.280772,-21.219136,9.869702
-7.261335,-23.482519,1.120873
-7.256912,-22.728058,8.050956
-7.214259,-21.219136,-2.170320
-7.210637,-22.728058,-0.325631
-7.195776,-20.464674,10.362316
-7.141021,-19.710213,10.789413
-7.131938,-23.482519,5.852952
-7.131852,-16.692368,11.767957
-7.123763,-20.464674,-2.673483
-7.112472,-17.446829,11.638456
-7.112058,-18.955752,11.146727
-7.110034,-23.482519,1.888056
-7.104181,-18.201290,11.430687
-7.064226,-19.710213,-3.111914
-7.057727,-21.973597,8.708220
-7.043965,-16.692368,-4.141264
-7.031249,-18.955752,-3.481231
-7.026089,-17.446829,-3.998490
-7.023044,-23.482519,5.069290
-7.020165,-18.201290,-3.777743
-7.009814,-23.482519,2.674394
-7.004149,-21.973597,-0.990499
-7.000714,-22.728058,7.351271
-6.966101,-23.482519,4.272997
-6.962205,-22.728058,0.380512
-6.961676,-23.482519,3.472031
-6.900154,-21.219136,9.316495
-6.839807,-21.219136,-1.607450
-6.791693,-22.728058,6.616154
-6.780772,-20.464674,9.869702
-6.761335,-22.728058,1.120873
-6.756912,-21.973597,8.050956
-6.714259,-20.464674,-2.170320
-6.710637,-21.973597,-0.325631
-6.695776,-19.710213,10.362316
-6.641021,-18.955752,10.789413
-6.631938,-22.728058,5.852952
-6.623763,-19.710213,-2.673483
-6.612472,-16.692368,11.638456
-6.612058,-18.201290,11.146727
-6.610034,-22.728058,1.888056
-6.604181,-17.446829,11.430687
-6.564226,-18.955752,-3.111914
-6.557727,-21.219136,8.708220
-6.531249,-18.201290,-3.481231
-6.526089,-16.692368,-3.998490
-6.523044,-22.728058,5.069290
-6.520165,-17.446829,-3.777743
-6.509814,-22.728058,2.674394
-6.504149,-21.219136,-0.990499
-6.500714,-21.973597,7.351271
-6.466101,-22.728058,4.272997
-6.462205,-21.973597,0.380512
-6.461676,-22.728058,3.472031
-6.400154,-20.464674,9.316495
-6.339807,-20.464674,-1.607450
-6.291693,-21.973597,6.616154
-6.280772,-19.710213,9.869702
-6.261335,-21.973597,1.120873
-6.256912,-21.219136,8.050956
-6.214259,-19.710213,-2.170320
-6.210637,-21.219136,-0.325631
-6.195776,-18.955752,10.362316
-6.141021,-18.201290,10.789413
-6.131938,-21.973597,5.852952
-6.123763,-18.955752,-2.673483
-6.112058,-17.446829,11.146727
-6.110034,-21.973597,1.888056
-6.104181,-16.692368,11.430687
-6.064226,-18.201290,-3.111914
-6.057727,-20.464674,8.708220
-6.031249,-17.446829,-3.481231
-6.023044,-21.973597,5.069290
-6.020165,-16.692368,-3.777743
-6.009814,-21.973597,2.674394
-6.004149,-20.464674,-0.990499
-6.000714,-21.219136,7.351271
-5.966101,-21.973597,4.272997
-5.962205,-21.219136,0.380512
-5.961676,-21.973597,3.472031
-5.900154,-19.710213,9.316495
-5.839807,-19.710213,-1.607450
-5.791693,-21.219136,6.616154
-5.780772,-18.955752,9.869702
-5.761335,-21.219136,1.120873
-5.756912,-20.464674,8.050956
-5.714259,-18.955752,-2.170320
-5.710637,-20.464674,-0.325631
-5.695776,-18.201290,10.362316
-5.641021,-17.446829,10.789413
-5.631938,-21.219136,5.852952
-5.623763,-18.201290,-2.673483
-5.612058,-16.692368,11.146727
-5.610034,-21.219136,1.888056
-5.564226,-17.446829,-3.111914
-5.557727,-19.710213,8.708220
-5.531249,-16.692368,-3.481231
-5.523044,-21.219136,5.069290
-5.509814,-21.219136,2.674394
-5.504149,-19.710213,-0.990499
-5.500714,-20.464674,7.351271
-5.466101,-21.219136,4.272997
-5.462205,-20.464674,0.380512
-5.461676,-21.219136,3.472031
-5.400154,-18.955752,9.316495
-5.339807,-18.955752,-1.607450
-5.291693,-20.464674,6.616154
-5.280772,-18.201290,9.869702
-5.261335,-20.464674,1.120873
-5.256912,-19.710213,8.050956
-5.214259,-18.201290,-2.170320
-5.210637,-19.710213,-0.325631
-5.195776,-17.446829,10.362316
-5.141021,-16.692368,10.789413
-5.131938,-20.464674,5.852952
-5.123763,-17.446829,-2.673483
-5.110034,-20.464674,1.888056
-5.064226,-16.692368,-3.111914
-5.057727,-18.955752,8.708220
-5.023044,-20.464674,5.069290
-5.009814,-20.464674,2.674394
-5.004149,-18.955752,-0.990499
-5.000714,-19.710213,7.351271
-4.966101,-20.464674,4.272997
-4.962205,-19.710213,0.380512
-4.961676,-20.464674,3.472031
-4.900154,-18.201290,9.316495
-4.839807,-18.201290,-1.607450
-4.791693,-19.710213,6.616154
-4.780772,-17.446829,9.869702
-4.761335,-19.710213,1.120873
-4.756912,-18.955752,8.050956
-4.714259,-17.446829,-2.170320
-4.710637,-18.955752,-0.325631
-4.695776,-16.692368,10.362316
-4.631938,-19.710213,5.852952
-4.623763,-16.692368,-2.673483
-4.610034,-19.710213,1.888056
-4.557727,-18.201290,8.708220
-4.523044,-19.710213,5.069290
-4.509814,-19.710213,2.674394
-4.504149,-18.201290,-0.990499
-4.500714,-18.955752,7.351271
-4.466101,-19.710213,4.272997
-4.462205,-18.955752,0.380512
-4.461676,-19.710213,3.472031
-4.400154,-17.446829,9.316495
-4.339807,-17.446829,-1.607450
-4.291693,-18.955752,6.616154
-4.280772,-16.692368,9.869702
-4.261335,-18.955752,1.120873
-4.256912,-18.201290,8.050956
-4.214259,-16.692368,-2.170320
-4.210637,-18.201290,-0.325631
-4.131938,-18.955752,5.852952
-4.110034,-18.955752,1.888056
-4.057727,-17.446829,8.708220
-4.023044,-18.955752,5.069290
-4.009814,-18.955752,2.674394
-4.004149,-17.446829,-0.990499
-4.000714,-18.201290,7.351271
-3.966101,-18.955752,4.272997
-3.962205,-18.201290,0.380512
-3.961676,-18.955752,3.472031
-3.900154,-16.692368,9.316495
-3.839807,-16.692368,-1.607450
-3.791693,-18.201290,6.616154
-3.761335,-18.201290,1.120873
-3.756912,-17.446829,8.050956
-3.710637,-17.446829,-0.325631
-3.631938,-18.201290,5.852952
-3.610034,-18.201290,1.888056
-3.557727,-16.692368,8.708220
-3.523044,-18.201290,5.069290
-3.509814,-18.201290,2.674394
-3.504149,-16.692368,-0.990499
-3.500714,-17.446829,7.351271
-3.466101,-18.201290,4.272997
-3.462205,-17.446829,0.380512
-3.461676,-18.201290,3.472031
-3.339807,-15.937906,-1.607450
-3.291693,-17.446829,6.616154
-3.261335,-17.446829,1.120873
-3.256912,-16.692368,8.050956
-3.210637,-16.692368,-0.325631
-3.131938,-17.446829,5.852952
-3.110034,-17.446829,1.888056
-3.023044,-17.446829,5.069290
-3.009814,-17.446829,2.674394
-3.000714,-16.692368,7.351271
-2.966101,-17.446829,4.272997
-2.962205,-16.692368,0.380512
-2.961676,-17.446829,3.472031
-2.791693,-16.692368,6.616154
-2.761335,-16.692368,1.120873
-2.710637,-15.937906,-0.325631
-2.631938,-16.692368,5.852952
-2.610034,-16.692368,1.888056
-2.523044,-16.692368,5.069290
-2.509814,-16.692368,2.674394
-2.466101,-16.692368,4.272997
-2.461676,-16.692368,3.472031
-2.210637,-15.183445,-0.325631
2.210637,-15.183445,-0.325631
2.461676,-16.692368,3.472031
2.466101,-16.692368,4.272997
2.509814,-16.692368,2.674394
2.523044,-16.692368,5.069290
2.610034,-16.692368,1.888056
2.631938,-16.692368,5.852952
2.710637,-15.937906,-0.325631
2.761335,-16.692368,1.120873
2.791693,-16.692368,6.616154
2.961676,-17.446829,3.472031
2.962205,-16.692368,0.380512
2.966101,-17.446829,4.272997
3.000714,-16.692368,7.351271
3.009814,-17.446829,2.674394
3.023044,-17.446829,5.069290
3.110034,-17.446829,1.888056
3.131938,-17.446829,5.852952
3.210637,-16.692368,-0.325631
3.256912,-16.692368,8.050956
3.261335,-17.446829,1.120873
3.291693,-17.446829,6.616154
3.339807,-15.937906,-1.607450
3.461676,-18.201290,3.472031
3.462205,-17.446829,0.380512
3.466101,-18.201290,4.272997
3.500714,-17.446829,7.351271
3.504149,-16.692368,-0.990499
3.509814,-18.201290,2.674394
3.523044,-18.201290,5.069290
3.557727,-16.692368,8.708220
3.610034,-18.201290,1.888056
3.631938,-18.201290,5.852952
3.710637,-17.446829,-0.325631
3.756912,-17.446829,8.050956
3.761335,-18.201290,1.120873
3.791693,-18.201290,6.616154
3.839807,-16.692368,-1.607450
3.900154,-16.692368,9.316495
3.961676,-18.955752,3.472031
3.962205,-18.201290,0.380512
3.966101,-18.955752,4.272997
4.000714,-18.201290,7.351271
4.004149,-17.446829,-0.990499
4.009814,-18.955752,2.674394
4.023044,-18.955752,5.069290
4.057727,-17.446829,8.708220
4.110034,-18.955752,1.888056
4.131938,-18.955752,5.852952
4.210637,-18.201290,-0.325631
4.214259,-16.692368,-2.170320
4.256912,-18.201290,8.050956
4.261335,-18.955752,1.120873
4.280772,-16.692368,9.869702
4.291693,-18.955752,6.616154
4.339807,-17.446829,-1.607450
4.400154,-17.446829,9.316495
4.461676,-19.710213,3.472031
4.462205,-18.955752,0.380512
4.466101,-19.710213,4.272997
4.500714,-18.955752,7.351271
4.504149,-18.201290,-0.990499
4.509814,-19.710213,2.674394
4.523044,-19.710213,5.069290
4.557727,-18.201290,8.708220
4.610034,-19.710213,1.888056
4.623763,-16.692368,-2.673483
4.631938,-19.710213,5.852952
4.695776,-16.692368,10.362316
4.710637,-18.955752,-0.325631
4.714259,-17.446829,-2.170320
4.756912,-18.955752,8.050956
4.761335,-19.710213,1.120873
4.780772,-17.446829,9.869702
4.791693,-19.710213,6.616154
4.839807,-18.201290,-1.607450
4.900154,-18.201290,9.316495
4.961676,-20.464674,3.472031
4.962205,-19.710213,0.380512
4.966101,-20.464674,4.272997
5.000714,-19.710213,7.351271
5.004149,-18.955752,-0.990499
5.009814,-20.464674,2.674394
5.023044,-20.464674,5.069290
5.057727,-18.955752,8.708220
5.064226,-16.692368,-3.111914
5.110034,-20.464674,1.888056
5.123763,-17.446829,-2.673483
5.131938,-20.464674,5.852952
5.141021,-16.692368,10.789413
5.195776,-17.446829,10.362316
5.210637,-19.710213,-0.325631
5.214259,-18.201290,-2.170320
5.256912,-19.710213,8.050956
5.261335,-20.464674,1.120873
5.280772,-18.201290,9.869702
5.291693,-20.464674,6.616154
5.339807,-18.955752,-1.607450
5.400154,-18.955752,9.316495
5.461676,-21.219136,3.472031
5.462205,-20.464674,0.380512
5.466101,-21.219136,4.272997
5.500714,-20.464674,7.351271
5.504149,-19.710213,-0.990499
5.509814,-21.219136,2.674394
5.523044,-21.219136,5.069290
5.531249,-16.692368,-3.481231
5.557727,-19.710213,8.708220
5.564226,-17.446829,-3.111914
5.610034,-21.219136,1.888056
5.612058,-16.692368,11.146727
5.623763,-18.201290,-2.673483
5.631938,-21.219136,5.852952
5.641021,-17.446829,10.789413
5.695776,-18.201290,10.362316
5.710637,-20.464674,-0.325631
5.714259,-18.955752,-2.170320
5.756912,-20.464674,8.050956
5.761335,-21.219136,1.120873
5.780772,-18.955752,9.869702
5.791693,-21.219136,6.616154
5.839807,-19.710213,-1.607450
5.900154,-19.710213,9.316495
5.961676,-21.973597,3.472031
5.962205,-21.219136,0.380512
5.966101,-21.973597,4.272997
6.000714,-21.219136,7.351271
6.004149,-20.464674,-0.990499
6.009814,-21.973597,2.674394
6.020165,-16.692368,-3.777743
6.023044,-21.973597,5.069290
6.031249,-17.446829,-3.481231
6.057727,-20.464674,8.708220
6.064226,-18.201290,-3.111914
6.104181,-16.692368,11.430687
6.110034,-21.973597,1.888056
6.112058,-17.446829,11.146727
6.123763,-18.955752,-2.673483
6.131938,-21.973597,5.852952
6.141021,-18.201290,10.789413
6.195776,-18.955752,10.362316
6.210637,-21.219136,-0.325631
6.214259,-19.710213,-2.170320
6.256912,-21.219136,8.050956
6.261335,-21.973597,1.120873
6.280772,-19.710213,9.869702
6.291693,-21.973597,6.616154
6.339807,-20.464674,-1.607450
6.400154,-20.464674,9.316495
6.461676,-22.728058,3.472031
6.462205,-21.973597,0.380512
6.466101,-22.728058,4.272997
6.500714,-21.973597,7.351271
6.504149,-21.219136,-0.990499
6.509814,-22.728058,2.674394
6.520165,-17.446829,-3.777743
6.523044,-22.728058,5.069290
6.526089,-16.692368,-3.998490
6.531249,-18.201290,-3.481231
6.557727,-21.219136,8.708220
6.564226,-18.955752,-3.111914
6.604181,-17.446829,11.430687
6.610034,-22.728058,1.888056
6.612058,-18.201290,11.146727
6.612472,-16.692368,11.638456
6.623763,-19.710213,-2.673483
6.631938,-22.728058,5.852952
6.641021,-18.955752,10.789413
6.695776,-19.710213,10.362316
6.710637,-21.973597,-0.325631
6.714259,-20.464674,-2.170320
6.756912,-21.973597,8.050956
6.761335,-22.728058,1.120873
6.780772,-20.464674,9.869702
6.791693,-22.728058,6.616154
6.839807,-21.219136,-1.607450
6.900154,-21.219136,9.316495
6.961676,-23.482519,3.472031
6.962205,-22.728058,0.380512
6.966101,-23.482519,4.272997
7.000714,-22.728058,7.351271
7.004149,-21.973597,-0.990499
7.009814,-23.482519,2.674394
7.020165,-18.201290,-3.777743
7.023044,-23.482519,5.069290
7.026089,-17.446829,-3.998490
7.031249,-18.955752,-3.481231
7.043965,-16.692368,-4.141264
7.057727,-21.973597,8.708220
7.064226,-19.710213,-3.111914
7.104181,-18.201290,11.430687
7.110034,-23.482519,1.888056
7.112058,-18.955752,11.146727
7.112472,-17.446829,11.638456
7.123763,-20.464674,-2.673483
7.131852,-16.692368,11.767957
7.131938,-23.482519,5.852952
7.141021,-19.710213,10.789413
7.195776,-20.464674,10.362316
7.210637,-22.728058,-0.325631
7.214259,-21.219136,-2.170320
7.256912,-22.728058,8.050956
7.261335,-23.482519,1.120873
7.280772,-21.219136,9.869702
7.291693,-23.482519,6.616154
7.339807,-21.973597,-1.607450
7.400154,-21.973597,9.316495
7.461676,-24.236981,3.472031
7.462205,-23.482519,0.380512
7.466101,-24.236981,4.272997
7.500714,-23.482519,7.351271
7.504149,-22.728058,-0.990499
7.509814,-24.236981,2.674394
7.520165,-18.955752,-3.777743
7.523044,-24.236981,5.069290
7.526089,-18.201290,-3.998490
7.531249,-19.710213,-3.481231
7.543965,-17.446829,-4.141264
7.557727,-22.728058,8.708220
7.564226,-20.464674,-3.111914
7.568620,-16.692368,-4.204639
7.604181,-18.955752,11.430687
7.610034,-24.236981,1.888056
7.612058,-19.710213,11.146727
7.612472,-18.201290,11.638456
7.623763,-21.219136,-2.673483
7.631852,-17.446829,11.767957
7.631938,-24.236981,5.852952
7.641021,-20.464674,10.789413
7.657133,-16.692368,11.817898
7.695776,-21.219136,10.362316
7.710637,-23.482519,-0.325631
7.714259,-21.973597,-2.170320
7.756912,-23.482519,8.050956
7.761335,-24.236981,1.120873
7.780772,-21.973597,9.869702
7.791693,-24.236981,6.616154
7.839807,-22.728058,-1.607450
7.900154,-22.728058,9.316495
7.961676,-24.991442,3.472031
7.962205,-24.236981,0.380512
7.966101,-24.991442,4.272997
8.000714,-24.236981,7.351271
8.004149,-23.482519,-0.990499
8.009814,-24.991442,2.674394
8.020165,-19.710213,-3.777743
8.023044,-24.991442,5.069290
8.026089,-18.955752,-3.998490
8.031249,-20.464674,-3.481231
8.043965,-18.201290,-4.141264
8.057727,-23.482519,8.708220
8.064226,-21.219136,-3.111914
8.068620,-17.446829,-4.204639
8.094810,-16.692368,-4.187983
8.104181,-19.710213,11.430687
8.110034,-24.991442,1.888056
8.112058,-20.464674,11.146727
8.112472,-18.955752,11.638456
8.123763,-21.973597,-2.673483
8.131852,-18.201290,11.767957
8.131938,-24.991442,5.852952
8.141021,-21.219136,10.789413
8.157133,-17.446829,11.817898
8.183065,-16.692368,11.787779
8.195776,-21.973597,10.362316
8.210637,-24.236981,-0.325631
8.214259,-22.728058,-2.170320
8.256912,-24.236981,8.050956
8.261335,-24.991442,1.120873
8.280772,-22.728058,9.869702
8.291693,-24.991442,6.616154
8.339807,-23.482519,-1.607450
8.400154,-23.482519,9.316495
8.461676,-25.745903,3.472031
8.462205,-24.991442,0.380512
8.466101,-25.745903,4.272997
8.500714,-24.991442,7.351271
8.504149,-24.236981,-0.990499
8.509814,-25.745903,2.674394
8.520165,-20.464674,-3.777743
8.523044,-25.745903,5.069290
8.526089,-19.710213,-3.998490
8.531249,-21.219136,-3.481231
8.543965,-18.955752,-4.141264
8.557727,-24.236981,8.708220
8.564226,-21.973597,-3.111914
8.568620,-18.201290,-4.204639
8.594810,-17.446829,-4.187983
8.604181,-20.464674,11.430687
8.610034,-25.745903,1.888056
8.612058,-21.219136,11.146727
8.612472,-19.710213,11.638456
8.617280,-16.692368,-4.091461
8.623763,-22.728058,-2.673483
8.631852,-18.955752,11.767957
8.631938,-25.745903,5.852952
8.641021,-21.973597,10.789413
8.657133,-18.201290,11.817898
8.683065,-17.446829,11.787779
8.695776,-22.728058,10.362316
8.704395,-16.692368,11.677901
8.710637,-24.991442,-0.325631
8.714259,-23.482519,-2.170320
8.756912,-24.991442,8.050956
8.761335,-25.745903,1.120873
8.780772,-23.482519,9.869702
8.791693,-25.745903,6.616154
8.839807,-24.236981,-1.607450
8.900154,-24.236981,9.316495
8.961676,-26.500365,3.472031
8.962205,-25.745903,0.380512
8.966101,-26.500365,4.272997
9.000714,-25.745903,7.351271
9.004149,-24.991442,-0.990499
9.009814,-26.500365,2.674394
9.020165,-21.219136,-3.777743
9.023044,-26.500365,5.069290
9.026089,-20.464674,-3.998490
9.031249,-21.973597,-3.481231
9.043965,-19.710213,-4.141264
9.057727,-24.991442,8.708220
9.064226,-22.728058,-3.111914
9.068620,-18.955752,-4.204639
9.094810,-18.201290,-4.187983
9.104181,-21.219136,11.430687
9.110034,-26.500365,1.888056
9.112058,-21.973597,11.146727
9.112472,-20.464674,11.638456
9.117280,-17.446829,-4.091461
9.123763,-23.482519,-2.673483
9.130808,-16.692368,-3.916038
9.131852,-19.710213,11.767957
9.131938,-26.500365,5.852952
9.141021,-22.728058,10.789413
9.157133,-18.955752,11.817898
9.183065,-18.201290,11.787779
9.195776,-23.482519,10.362316
9.204395,-17.446829,11.677901
9.210637,-25.745903,-0.325631
9.214259,-24.236981,-2.170320
9.215912,-16.692368,11.489362
9.256912,-25.745903,8.050956
9.261335,-26.500365,1.120873
9.280772,-24.236981,9.869702
9.291693,-26.500365,6.616154
9.339807,-24.991442,-1.607450
9.400154,-24.991442,9.316495
9.461676,-27.254826,3.472031
9.462205,-26.500365,0.380512
9.466101,-27.254826,4.272997
9.500714,-26.500365,7.351271
9.504149,-25.745903,-0.990499
9.509814,-27.254826,2.674394
9.520165,-21.973597,-3.777743
9.523044,-27.254826,5.069290
9.526089,-21.219136,-3.998490
9.531249,-22.728058,-3.481231
9.543965,-20.464674,-4.141264
9.557727,-25.745903,8.708220
9.564226,-23.482519,-3.111914
9.568620,-19.710213,-4.204639
9.594810,-18.955752,-4.187983
9.604181,-21.973597,11.430687
9.610034,-27.254826,1.888056
9.612058,-22.728058,11.146727
9.612472,-21.219136,11.638456
9.617280,-18.201290,-4.091461
9.623763,-24.236981,-2.673483
9.630263,-16.692368,-3.663466
9.630808,-17.446829,-3.916038
9.631852,-20.464674,11.767957
9.631938,-27.254826,5.852952
9.641021,-23.482519,10.789413
9.657133,-19.710213,11.817898
9.683065,-18.955752,11.787779
9.695776,-24.236981,10.362316
9.704395,-18.201290,11.677901
9.710637,-26.500365,-0.325631
9.712506,-16.692368,11.224045
9.714259,-24.991442,-2.170320
9.715912,-17.446829,11.489362
9.756912,-26.500365,8.050956
9.761335,-27.254826,1.120873
9.780772,-24.991442,9.869702
9.791693,-27.254826,6.616154
9.839807,-25.745903,-1.607450
9.900154,-25.745903,9.316495
9.961676,-28.009287,3.472031
9.962205,-27.254826,0.380512
9.966101,-28.009287,4.272997
10.000714,-27.254826,7.351271
10.004149,-26.500365,-0.990499
10.009814,-28.009287,2.674394
10.020165,-22.728058,-3.777743
10.023044,-28.009287,5.069290
10.026089,-21.973597,-3.998490
10.031249,-23.482519,-3.481231
10.043965,-21.219136,-4.141264
10.057727,-26.500365,8.708220
10.064226,-24.236981,-3.111914
10.068620,-20.464674,-4.204639
10.094810,-19.710213,-4.187983
10.104181,-22.728058,11.430687
10.110034,-28.009287,1.888056
10.110655,-16.692368,-3.336270
10.112058,-23.482519,11.146727
10.112472,-21.973597,11.638456
10.117280,-18.955752,-4.091461
10.123763,-24.991442,-2.673483
10.130263,-17.446829,-3.663466
10.130808,-18.201290,-3.916038
10.131852,-21.219136,11.767957
10.131938,-28.009287,5.852952
10.141021,-24.236981,10.789413
10.157133,-20.464674,11.817898
10.183065,-19.710213,11.787779
10.189215,-16.692368,10.884602
10.195776,-24.991442,10.362316
10.204395,-18.955752,11.677901
10.210637,-27.254826,-0.325631
10.212506,-17.446829,11.224045
10.214259,-25.745903,-2.170320
10.215912,-18.201290,11.489362
10.256912,-27.254826,8.050956
10.261335,-28.009287,1.120873
10.280772,-25.745903,9.869702
10.291693,-28.009287,6.616154
10.339807,-26.500365,-1.607450
10.400154,-26.500365,9.316495
10.461676,-28.763748,3.472031
10.462205,-28.009287,0.380512
10.466101,-28.763748,4.272997
10.500714,-28.009287,7.351271
10.504149,-27.254826,-0.990499
10.509814,-28.763748,2.674394
10.520165,-23.482519,-3.777743
10.523044,-28.763748,5.069290
10.526089,-22.728058,-3.998490
10.531249,-24.236981,-3.481231
10.543965,-21.973597,-4.141264
10.557727,-27.254826,8.708220
10.564226,-24.991442,-3.111914
10.567183,-16.692368,-2.937718
10.568620,-21.219136,-4.204639
10.594810,-20.464674,-4.187983
10.604181,-23.482519,11.430687
10.610034,-28.763748,1.888056
10.610655,-17.446829,-3.336270
10.612058,-24.236981,11.146727
10.612472,-22.728058,11.638456
10.617280,-19.710213,-4.091461
10.623763,-25.745903,-2.673483
10.630263,-18.201290,-3.663466
10.630808,-18.955752,-3.916038
10.631852,-21.973597,11.767957
10.631938,-28.763748,5.852952
10.641021,-24.991442,10.789413
10.641276,-16.692368,10.474424
10.657133,-21.219136,11.817898
10.683065,-20.464674,11.787779
10.689215,-17.446829,10.884602
10.695776,-25.745903,10.362316
10.704395,-19.710213,11.677901
10.710637,-28.009287,-0.325631
10.712506,-18.201290,11.224045
10.714259,-26.500365,-2.170320
10.715912,-18.955752,11.489362
10.756912,-28.009287,8.050956
10.761335,-28.763748,1.120873
10.780772,-26.500365,9.869702
10.791693,-28.763748,6.616154
10.839807,-27.254826,-1.607450
10.900154,-27.254826,9.316495
10.961676,-29.518210,3.472031
10.962205,-28.763748,0.380512
10.966101,-29.518210,4.272997
10.995288,-16.692368,-2.471793
11.000714,-28.763748,7.351271
11.004149,-28.009287,-0.990499
11.009814,-29.518210,2.674394
11.020165,-24.236981,-3.777743
11.023044,-29.518210,5.069290
11.026089,-23.482519,-3.998490
11.031249,-24.991442,-3.481231
11.043965,-22.728058,-4.141264
11.057727,-28.009287,8.708220
11.064172,-16.692368,9.997610
11.064226,-25.745903,-3.111914
11.067183,-17.446829,-2.937718
11.068620,-21.973597,-4.204639
11.094810,-21.219136,-4.187983
11.104181,-24.236981,11.430687
11.110034,-29.518210,1.888056
11.110655,-18.201290,-3.336270
11.112058,-24.991442,11.146727
11.112472,-23.482519,11.638456
11.117280,-20.464674,-4.091461
11.123763,-26.500365,-2.673483
11.130263,-18.955752,-3.663466
11.130808,-19.710213,-3.916038
11.131852,-22.728058,11.767957
11.131938,-29.518210,5.852952
11.141021,-25.745903,10.789413
11.141276,-17.446829,10.474424
11.157133,-21.973597,11.817898
11.183065,-21.219136,11.787779
11.189215,-18.201290,10.884602
11.195776,-26.500365,10.362316
11.204395,-20.464674,11.677901
11.210637,-28.763748,-0.325631
11.212506,-18.955752,11.224045
11.214259,-27.254826,-2.170320
11.215912,-19.710213,11.489362
11.256912,-28.763748,8.050956
11.261335,-29.518210,1.120873
11.280772,-27.254826,9.869702
11.291693,-29.518210,6.616154
11.339807,-28.009287,-1.607450
11.390690,-16.692368,-1.943150
11.400154,-28.009287,9.316495
11.453679,-16.692368,9.458924
11.461676,-30.272671,3.472031
11.462205,-29.518210,0.380512
11.466101,-30.272671,4.272997
11.495288,-17.446829,-2.471793
11.500714,-29.518210,7.351271
11.504149,-28.763748,-0.990499
11.509814,-30.272671,2.674394
11.520165,-24.991442,-3.777743
11.523044,-30.272671,5.069290
11.526089,-24.236981,-3.998490
11.531249,-25.745903,-3.481231
11.543965,-23.482519,-4.141264
11.557727,-28.763748,8.708220
11.564172,-17.446829,9.997610
11.564226,-26.500365,-3.111914
11.567183,-18.201290,-2.937718
11.568620,-22.728058,-4.204639
11.594810,-21.973597,-4.187983
11.604181,-24.991442,11.430687
11.610034,-30.272671,1.888056
11.610655,-18.955752,-3.336270
11.612058,-25.745903,11.146727
11.612472,-24.236981,11.638456
11.617280,-21.219136,-4.091461
11.623763,-27.254826,-2.673483
11.630263,-19.710213,-3.663466
11.630808,-20.464674,-3.916038
11.631852,-23.482519,11.767957
11.631938,-30.272671,5.852952
11.641021,-26.500365,10.789413
11.641276,-18.201290,10.474424
11.657133,-22.728058,11.817898
11.683065,-21.973597,11.787779
11.689215,-18.955752,10.884602
11.695776,-27.254826,10.362316
11.704395,-21.219136,11.677901
11.710637,-29.518210,-0.325631
11.712506,-19.710213,11.224045
11.714259,-28.009287,-2.170320
11.715912,-20.464674,11.489362
11.749440,-16.692368,-1.357071
11.756912,-29.518210,8.050956
11.761335,-30.272671,1.120873
11.780772,-28.009287,9.869702
11.791693,-30.272671,6.616154
11.805903,-16.692368,8.863748
11.839807,-28.763748,-1.607450
11.890690,-17.446829,-1.943150
11.900154,-28.763748,9.316495
11.953679,-17.446829,9.458924
11.962205,-30.272671,0.380512
11.995288,-18.201290,-2.471793
12.000714,-30.272671,7.351271
12.004149,-29.518210,-0.990499
12.020165,-25.745903,-3.777743
12.026089,-24.991442,-3.998490
12.031249,-26.500365,-3.481231
12.043965,-24.236981,-4.141264
12.057727,-29.518210,8.708220
12.064172,-18.201290,9.997610
12.064226,-27.254826,-3.111914
12.067183,-18.955752,-2.937718
12.067952,-16.692368,-0.719412
12.068620,-23.482519,-4.204639
12.094810,-22.728058,-4.187983
12.104181,-25.745903,11.430687
12.110655,-19.710213,-3.336270
12.112058,-26.500365,11.146727
12.112472,-24.991442,11.638456
12.117280,-21.973597,-4.091461
12.117325,-16.692368,8.218029
12.123763,-28.009287,-2.673483
12.130263,-20.464674,-3.663466
12.130808,-21.219136,-3.916038
12.131852,-24.236981,11.767957
12.141021,-27.254826,10.789413
12.141276,-18.955752,10.474424
12.157133,-23.482519,11.817898
12.183065,-22.728058,11.787779
12.189215,-19.710213,10.884602
12.195776,-28.009287,10.362316
12.204395,-21.973597,11.677901
12.210637,-30.272671,-0.325631
12.212506,-20.464674,11.224045
12.214259,-28.763748,-2.170320
12.215912,-21.219136,11.489362
12.249440,-17.446829,-1.357071
12.256912,-30.272671,8.050956
12.280772,-28.763748,9.869702
12.305903,-17.446829,8.863748
12.339807,-29.518210,-1.607450
12.343045,-16.692368,-0.036545
12.384835,-16.692368,7.528218
12.390690,-18.201290,-1.943150
12.400154,-29.518210,9.316495
12.453679,-18.201290,9.458924
12.495288,-18.955752,-2.471793
12.504149,-30.272671,-0.990499
12.520165,-26.500365,-3.777743
12.526089,-25.745903,-3.998490
12.531249,-27.254826,-3.481231
12.543965,-24.991442,-4.141264
12.557727,-30.272671,8.708220
12.564172,-18.955752,9.997610
12.564226,-28.009287,-3.111914
12.567183,-19.710213,-2.937718
12.567952,-17.446829,-0.719412
12.568620,-24.236981,-4.204639
12.571969,-16.692368,0.684708
12.594810,-23.482519,-4.187983
12.604181,-26.500365,11.430687
12.605759,-16.692368,6.801209
12.610655,-20.464674,-3.336270
12.612058,-27.254826,11.146727
12.612472,-25.745903,11.638456
12.617280,-22.728058,-4.091461
12.617325,-17.446829,8.218029
12.623763,-28.763748,-2.673483
12.630263,-21.219136,-3.663466
12.630808,-21.973597,-3.916038
12.631852,-24.991442,11.767957
12.641021,-28.009287,10.789413
12.641276,-19.710213,10.474424
12.657133,-24.236981,11.817898
12.683065,-23.482519,11.787779
12.689215,-20.464674,10.884602
12.695776,-28.763748,10.362316
12.704395,-22.728058,11.677901
12.712506,-21.219136,11.224045
12.714259,-29.518210,-2.170320
12.715912,-21.973597,11.489362
12.749440,-18.201290,-1.357071
12.752438,-16.692368,1.437141
12.777889,-16.692368,6.044264
12.780772,-29.518210,9.869702
12.805903,-18.201290,8.863748
12.839807,-30.272671,-1.607450
12.843045,-17.446829,-0.036545
12.882648,-16.692368,2.213235
12.884835,-17.446829,7.528218
12.890690,-18.955752,-1.943150
12.899506,-16.692368,5.264949
12.900154,-30.272671,9.316495
12.953679,-18.955752,9.458924
12.961298,-16.692368,3.005235
12.969395,-16.692368,4.471048
12.987602,-16.692368,3.805229
12.995288,-19.710213,-2.471793
13.020165,-27.254826,-3.777743
13.026089,-26.500365,-3.998490
13.031249,-28.009287,-3.481231
13.043965,-25.745903,-4.141264
13.064172,-19.710213,9.997610
13.064226,-28.763748,-3.111914
13.067183,-20.464674,-2.937718
13.067952,-18.201290,-0.719412
13.068620,-24.991442,-4.204639
13.071969,-17.446829,0.684708
13.094810,-24.236981,-4.187983
13.104181,-27.254826,11.430687
13.105759,-17.446829,6.801209
13.110655,-21.219136,-3.336270
13.112058,-28.009287,11.146727
13.112472,-26.500365,11.638456
13.117280,-23.482519,-4.091461
13.117325,-18.201290,8.218029
13.123763,-29.518210,-2.673483
13.130263,-21.973597,-3.663466
13.130808,-22.728058,-3.916038
13.131852,-25.745903,11.767957
13.141021,-28.763748,10.789413
13.141276,-20.464674,10.474424
13.157133,-24.991442,11.817898
13.183065,-24.236981,11.787779
13.189215,-21.219136,10.884602
13.195776,-29.518210,10.362316
13.204395,-23.482519,11.677901
13.212506,-21.973597,11.224045
13.214259,-30.272671,-2.170320
13.215912,-22.728058,11.489362
13.249440,-18.955752,-1.357071
13.252438,-17.446829,1.437141
13.277889,-17.446829,6.044264
13.280772,-30.272671,9.869702
13.305903,-18.955752,8.863748
13.343045,-18.201290,-0.036545
13.382648,-17.446829,2.213235
13.384835,-18.201290,7.528218
13.390690,-19.710213,-1.943150
13.399506,-17.446829,5.264949
13.453679,-19.710213,9.458924
13.461298,-17.446829,3.005235
13.469395,-17.446829,4.471048
13.487602,-17.446829,3.805229
13.495288,-20.464674,-2.471793
13.520165,-28.009287,-3.777743
13.526089,-27.254826,-3.998490
13.531249,-28.763748,-3.481231
13.543965,-26.500365,-4.141264
13.564172,-20.464674,9.997610
13.564226,-29.518210,-3.111914
13.567183,-21.219136,-2.937718
13.567952,-18.955752,-0.719412
13.568620,-25.745903,-4.204639
13.571969,-18.201290,0.684708
13.594810,-24.991442,-4.187983
13.604181,-28.009287,11.430687
13.605759,-18.201290,6.801209
13.610655,-21.973597,-3.336270
13.612058,-28.763748,11.146727
13.612472,-27.254826,11.638456
13.617280,-24.236981,-4.091461
13.617325,-18.955752,8.218029
13.623763,-30.272671,-2.673483
13.630263,-22.728058,-3.663466
13.630808,-23.482519,-3.916038
13.631852,-26.500365,11.767957
13.641021,-29.518210,10.789413
13.641276,-21.219136,10.474424
13.657133,-25.745903,11.817898
13.683065,-24.991442,11.787779
13.689215,-21.973597,10.884602
13.695776,-30.272671,10.362316
13.704395,-24.236981,11.677901
13.712506,-22.728058,11.224045
13.715912,-23.482519,11.489362
13.749440,-19.710213,-1.357071
13.752438,-18.201290,1.437141
13.777889,-18.201290,6.044264
13.805903,-19.710213,8.863748
13.843045,-18.955752,-0.036545
13.882648,-18.201290,2.213235
13.884835,-18.955752,7.528218
13.890690,-20.464674,-1.943150
13.899506,-18.201290,5.264949
13.953679,-20.464674,9.458924
13.961298,-18.201290,3.005235
13.969395,-18.201290,4.471048
13.987602,-18.201290,3.805229
13.995288,-21.219136,-2.471793
14.020165,-28.763748,-3.777743
14.026089,-28.009287,-3.998490
14.031249,-29.518210,-3.481231
14.043965,-27.254826,-4.141264
14.064172,-21.219136,9.997610
14.064226,-30.272671,-3.111914
14.067183,-21.973597,-2.937718
14.067952,-19.710213,-0.719412
14.068620,-26.500365,-4.204639
14.071969,-18.955752,0.684708
14.094810,-25.745903,-4.187983
14.104181,-28.763748,11.430687
14.105759,-18.955752,6.801209
14.110655,-22.728058,-3.336270
14.112058,-29.518210,11.146727
14.112472,-28.009287,11.638456
14.117280,-24.991442,-4.091461
14.117325,-19.710213,8.218029
14.130263,-23.482519,-3.663466
14.130808,-24.236981,-3.916038
14.131852,-27.254826,11.767957
14.141021,-30.272671,10.789413
14.141276,-21.973597,10.474424
14.157133,-26.500365,11.817898
14.183065,-25.745903,11.787779
14.189215,-22.728058,10.884602
14.204395,-24.991442,11.677901
14.212506,-23.482519,11.224045
14.215912,-24.236981,11.489362
14.249440,-20.464674,-1.357071
14.252438,-18.955752,1.437141
14.277889,-18.955752,6.044264
14.305903,-20.464674,8.863748
14.343045,-19.710213,-0.036545
14.382648,-18.955752,2.213235
14.384835,-19.710213,7.528218
14.390690,-21.219136,-1.943150
14.399506,-18.955752,5.264949
14.453679,-21.219136,9.458924
14.461298,-18.955752,3.005235
14.469395,-18.955752,4.471048
14.487602,-18.955752,3.805229
14.495288,-21.973597,-2.471793
14.520165,-29.518210,-3.777743
14.526089,-28.763748,-3.998490
14.531249,-30.272671,-3.481231
14.543965,-28.009287,-4.141264
14.564172,-21.973597,9.997610
14.567183,-22.728058,-2.937718
14.567952,-20.464674,-0.719412
14.568620,-27.254826,-4.204639
14.571969,-19.710213,0.684708
14.594810,-26.500365,-4.187983
14.604181,-29.518210,11.430687
14.605759,-19.710213,6.801209
14.610655,-23.482519,-3.336270
14.612058,-30.272671,11.146727
14.612472,-28.763748,11.638456
14.617280,-25.745903,-4.091461
14.617325,-20.464674,8.218029
14.630263,-24.236981,-3.663466
14.630808,-24.991442,-3.916038
14.631852,-28.009287,11.767957
14.641276,-22.728058,10.474424
14.657133,-27.254826,11.817898
14.683065,-26.500365,11.787779
14.689215,-23.482519,10.884602
14.704395,-25.745903,11.677901
14.712506,-24.236981,11.224045
14.715912,-24.991442,11.489362
14.749440,-21.219136,-1.357071
14.752438,-19.710213,1.437141
14.777889,-19.710213,6.044264
14.805903,-21.219136,8.863748
14.843045,-20.464674,-0.036545
14.882648,-19.710213,2.213235
14.884835,-20.464674,7.528218
14.890690,-21.973597,-1.943150
14.899506,-19.710213,5.264949
14.953679,-21.973597,9.458924
14.961298,-19.710213,3.005235
14.969395,-19.710213,4.471048
14.987602,-19.710213,3.805229
14.995288,-22.728058,-2.471793
15.020165,-30.272671,-3.777743
15.026089,-29.518210,-3.998490
15.043965,-28.763748,-4.141264
15.064172,-22.728058,9.997610
15.067183,-23.482519,-2.937718
15.067952,-21.219136,-0.719412
15.068620,-28.009287,-4.204639
15.071969,-20.464674,0.684708
15.094810,-27.254826,-4.187983
15.104181,-30.272671,11.430687
15.105759,-20.464674,6.801209
15.110655,-24.236981,-3.336270
15.112472,-29.518210,11.638456
15.117280,-26.500365,-4.091461
15.117325,-21.219136,8.218029
15.130263,-24.991442,-3.663466
15.130808,-25.745903,-3.916038
15.131852,-28.763748,11.767957
15.141276,-23.482519,10.474424
15.157133,-28.009287,11.817898
15.183065,-27.254826,11.787779
15.189215,-24.236981,10.884602
15.204395,-26.500365,11.677901
15.212506,-24.991442,11.224045
15.215912,-25.745903,11.489362
15.249440,-21.973597,-1.357071
15.252438,-20.464674,1.437141
15.277889,-20.464674,6.044264
15.305903,-21.973597,8.863748
15.343045,-21.219136,-0.036545
15.382648,-20.464674,2.213235
15.384835,-21.219136,7.528218
15.390690,-22.728058,-1.943150
15.399506,-20.464674,5.264949
15.453679,-22.728058,9.458924
15.461298,-20.464674,3.005235
15.469395,-20.464674,4.471048
15.487602,-20.464674,3.805229
15.495288,-23.482519,-2.471793
15.526089,-30.272671,-3.998490
15.543965,-29.518210,-4.141264
15.564172,-23.482519,9.997610
15.567183,-24.236981,-2.937718
15.567952,-21.973597,-0.719412
15.568620,-28.763748,-4.204639
15.571969,-21.219136,0.684708
15.594810,-28.009287,-4.187983
15.605759,-21.219136,6.801209
15.610655,-24.991442,-3.336270
15.612472,-30.272671,11.638456
15.617280,-27.254826,-4.091461
15.617325,-21.973597,8.218029
15.630263,-25.745903,-3.663466
15.630808,-26.500365,-3.916038
15.631852,-29.518210,11.767957
15.641276,-24.236981,10.474424
15.657133,-28.763748,11.817898
15.689215,-24.991442,10.884602
15.712506,-25.745903,11.224045
15.749440,-22.728058,-1.357071
15.752438,-21.219136,1.437141
15.777889,-21.219136,6.044264
15.805903,-22.728058,8.863748
15.843045,-21.973597,-0.036545
15.882648,-21.219136,2.213235
15.884835,-21.973597,7.528218
15.890690,-23.482519,-1.943150
15.899506,-21.219136,5.264949
15.953679,-23.482519,9.458924
15.961298,-21.219136,3.005235
15.969395,-21.219136,4.471048
15.987602,-21.219136,3.805229
15.995288,-24.236981,-2.471793
16.043965,-30.272671,-4.141264
16.064172,-24.236981,9.997610
16.067183,-24.991442,-2.937718
16.067952,-22.728058,-0.719412
16.068620,-29.518210,-4.204639
16.071969,-21.973597,0.684708
16.094810,-28.763748,-4.187983
16.105759,-21.973597,6.801209
16.110655,-25.745903,-3.336270
16.117280,-28.009287,-4.091461
16.117325,-22.728058,8.218029
16.130263,-26.500365,-3.663466
16.130808,-27.254826,-3.916038
16.131852,-30.272671,11.767957
16.141276,-24.991442,10.474424
16.157133,-29.518210,11.817898
16.189215,-25.745903,10.884602
16.249440,-23.482519,-1.357071
16.252438,-21.973597,1.437141
16.277889,-21.973597,6.044264
16.305903,-23.482519,8.863748
16.343045,-22.728058,-0.036545
16.382648,-21.973597,2.213235
16.384835,-22.728058,7.528218
16.390690,-24.236981,-1.943150
16.399506,-21.973597,5.264949
16.453679,-24.236981,9.458924
16.461298,-21.973597,3.005235
16.469395,-21.973597,4.471048
16.487602,-21.973597,3.805229
16.495288,-24.991442,-2.471793
16.564172,-24.991442,9.997610
16.567183,-25.745903,-2.937718
16.567952,-23.482519,-0.719412
16.568620,-30.272671,-4.204639
16.571969,-22.728058,0.684708
16.594810,-29.518210,-4.187983
16.605759,-22.728058,6.801209
16.610655,-26.500365,-3.336270
16.617280,-28.763748,-4.091461
16.617325,-23.482519,8.218029
16.630263,-27.254826,-3.663466
16.630808,-28.009287,-3.916038
16.657133,-30.272671,11.817898
16.749440,-24.236981,-1.357071
16.752438,-22.728058,1.437141
16.777889,-22.728058,6.044264
16.805903,-24.236981,8.863748
16.843045,-23.482519,-0.036545
16.882648,-22.728058,2.213235
16.884835,-23.482519,7.528218
16.890690,-24.991442,-1.943150
16.899506,-22.728058,5.264949
16.961298,-22.728058,3.005235
16.969395,-22.728058,4.471048
16.987602,-22.728058,3.805229
16.995288,-25.745903,-2.471793
17.067183,-26.500365,-2.937718
17.067952,-24.236981,-0.719412
17.071969,-23.482519,0.684708
17.094810,-30.272671,-4.187983
17.105759,-23.482519,6.801209
17.110655,-27.254826,-3.336270
17.117280,-29.518210,-4.091461
17.117325,-24.236981,8.218029
17.130263,-28.009287,-3.663466
17.130808,-28.763748,-3.916038
17.249440,-24.991442,-1.357071
17.252438,-23.482519,1.437141
17.277889,-23.482519,6.044264
17.343045,-24.236981,-0.036545
17.382648,-23.482519,2.213235
17.384835,-24.236981,7.528218
17.390690,-25.745903,-1.943150
17.399506,-23.482519,5.264949
17.461298,-23.482519,3.005235
17.469395,-23.482519,4.471048
17.487602,-23.482519,3.805229
17.495288,-26.500365,-2.471793
17.567183,-27.254826,-2.937718
17.567952,-24.991442,-0.719412
17.571969,-24.236981,0.684708
17.605759,-24.236981,6.801209
17.610655,-28.009287,-3.336270
17.617280,-30.272671,-4.091461
17.630263,-28.763748,-3.663466
17.630808,-29.518210,-3.916038
17.749440,-25.745903,-1.357071
17.752438,-24.236981,1.437141
17.777889,-24.236981,6.044264
17.843045,-24.991442,-0.036545
17.882648,-24.236981,2.213235
17.884835,-24.991442,7.528218
17.890690,-26.500365,-1.943150
17.899506,-24.236981,5.264949
17.961298,-24.236981,3.005235
17.969395,-24.236981,4.471048
17.987602,-24.236981,3.805229
17.995288,-27.254826,-2.471793
18.067183,-28.009287,-2.937718
18.067952,-25.745903,-0.719412
18.071969,-24.991442,0.684708
18.110655,-28.763748,-3.336270
18.130263,-29.518210,-3.663466
18.130808,-30.272671,-3.916038
18.249440,-26.500365,-1.357071
18.252438,-24.991442,1.437141
18.343045,-25.745903,-0.036545
18.382648,-24.991442,2.213235
18.390690,-27.254826,-1.943150
18.399506,-24.991442,5.264949
18.461298,-24.991442,3.005235
18.495288,-28.009287,-2.471793
18.567183,-28.763748,-2.937718
18.567952,-26.500365,-0.719412
18.571969,-25.745903,0.684708
18.610655,-29.518210,-3.336270
18.630263,-30.272671,-3.663466
18.749440,-27.254826,-1.357071
18.843045,-26.500365,-0.036545
18.890690,-28.009287,-1.943150
18.969395,-25.745903,4.471048
18.987602,-25.745903,3.805229
18.995288,-28.763748,-2.471793
19.067183,-29.518210,-2.937718
19.067952,-27.254826,-0.719412
19.110655,-30.272671,-3.336270
19.249440,-28.009287,-1.357071
19.252438,-26.500365,1.437141
19.277889,-26.500365,6.044264
19.343045,-27.254826,-0.036545
19.390690,-28.763748,-1.943150
19.399506,-26.500365,5.264949
19.495288,-29.518210,-2.471793
19.567183,-30.272671,-2.937718
19.567952,-28.009287,-0.719412
19.749440,-28.763748,-1.357071
19.843045,-28.009287,-0.036545
19.884835,-28.009287,7.528218
19.890690,-29.518210,-1.943150
19.969395,-27.254826,4.471048
19.987602,-27.254826,3.805229
19.995288,-30.272671,-2.471793
20.067952,-28.763748,-0.719412
20.249440,-29.518210,-1.357071
20.277889,-28.009287,6.044264
20.343045,-28.763748,-0.036545
20.390690,-30.272671,-1.943150
20.399506,-28.009287,5.264949
20.487602,-28.009287,3.805229
20.567952,-29.518210,-0.719412
20.749440,-30.272671,-1.357071
20.843045,-29.518210,-0.036545
20.884835,-29.518210,7.528218
20.899506,-28.763748,5.264949
20.961298,-28.763748,3.005235
20.969395,-28.763748,4.471048
20.987602,-28.763748,3.805229
21.067952,-30.272671,-0.719412
21.105759,-29.518210,6.801209
21.343045,-30.272671,-0.036545
21.399506,-29.518210,5.264949
21.605759,-30.272671,6.801209
21.899506,-30.272671,5.264949
